31-12-2015 5729. 6,8,16,23,37,41
29-12-2015 5728. 12,24,34,35,38,48
26-12-2015 5727. 2,12,29,32,35,38
24-12-2015 5726. 1,8,12,16,22,37
22-12-2015 5725. 2,6,19,28,43,49
19-12-2015 5724. 11,21,22,33,40,44
17-12-2015 5723. 12,17,18,19,21,28
15-12-2015 5722. 2,7,10,18,29,33
12-12-2015 5721. 4,5,26,27,30,34
10-12-2015 5720. 1,15,17,19,25,32
08-12-2015 5719. 18,24,41,43,44,47
05-12-2015 5718. 3,11,37,44,46,47
03-12-2015 5717. 17,32,35,39,41,44
01-12-2015 5716. 5,21,31,38,39,47
28-11-2015 5715. 12,14,18,25,36,45
26-11-2015 5714. 4,14,20,22,35,42
24-11-2015 5713. 2,20,23,26,45,48
21-11-2015 5712. 5,12,32,39,44,46
19-11-2015 5711. 1,20,23,24,28,41
17-11-2015 5710. 7,12,17,27,38,45
14-11-2015 5709. 17,23,25,26,37,44
12-11-2015 5708. 7,10,18,33,43,44
10-11-2015 5707. 5,6,10,15,30,35
07-11-2015 5706. 7,8,14,26,38,40
05-11-2015 5705. 3,7,9,17,20,37
03-11-2015 5704. 15,25,26,29,32,43
31-10-2015 5703. 3,7,19,39,46,48
29-10-2015 5702. 13,20,25,37,46,49
27-10-2015 5701. 2,20,35,37,38,46
24-10-2015 5700. 17,21,28,29,39,45
22-10-2015 5699. 4,14,16,26,28,34
20-10-2015 5698. 1,5,12,18,40,45
17-10-2015 5697. 4,5,6,14,41,42
15-10-2015 5696. 40,41,42,46,47,49
13-10-2015 5695. 1,23,27,34,41,49
10-10-2015 5694. 3,7,10,22,26,43
08-10-2015 5693. 4,12,23,26,31,38
06-10-2015 5692. 5,6,14,22,33,46
03-10-2015 5691. 9,10,30,35,37,48
01-10-2015 5690. 17,20,26,28,38,39
29-09-2015 5689. 26,30,41,45,47,48
26-09-2015 5688. 8,13,14,34,41,43
24-09-2015 5687. 17,20,32,37,42,44
22-09-2015 5686. 7,32,39,41,47,48
19-09-2015 5685. 3,6,25,30,35,44
17-09-2015 5684. 2,15,25,36,37,41
15-09-2015 5683. 3,12,16,24,39,49
12-09-2015 5682. 5,12,15,32,35,46
10-09-2015 5681. 4,9,18,26,29,44
08-09-2015 5680. 5,9,18,33,36,40
05-09-2015 5679. 2,7,8,12,43,48
03-09-2015 5678. 4,5,9,22,31,38
01-09-2015 5677. 8,22,28,41,48,49
29-08-2015 5676. 8,11,15,17,44,45
27-08-2015 5675. 1,7,13,14,36,37
25-08-2015 5674. 3,4,14,15,42,45
22-08-2015 5673. 1,14,23,31,33,35
20-08-2015 5672. 6,16,21,30,47,48
18-08-2015 5671. 1,4,23,33,48,49
15-08-2015 5670. 4,22,28,33,45,47
13-08-2015 5669. 14,23,33,40,41,46
11-08-2015 5668. 8,16,17,18,38,46
08-08-2015 5667. 15,21,29,34,48,49
06-08-2015 5666. 4,25,26,30,32,35
04-08-2015 5665. 3,14,16,28,39,40
01-08-2015 5664. 4,9,17,37,40,45
30-07-2015 5663. 6,22,24,33,34,47
28-07-2015 5662. 8,11,12,13,20,29
25-07-2015 5661. 3,13,32,34,41,45
23-07-2015 5660. 17,28,34,36,43,47
21-07-2015 5659. 14,17,27,30,36,45
18-07-2015 5658. 4,14,28,32,33,37
16-07-2015 5657. 9,19,32,35,40,43
14-07-2015 5656. 5,13,14,28,42,45
11-07-2015 5655. 9,10,42,45,47,49
09-07-2015 5654. 15,22,24,26,30,35
07-07-2015 5653. 6,9,15,19,20,21
04-07-2015 5652. 10,22,36,38,44,48
02-07-2015 5651. 6,8,23,32,33,40
30-06-2015 5650. 13,24,25,33,37,41
27-06-2015 5649. 2,5,18,38,40,46
25-06-2015 5648. 5,22,27,32,38,40
23-06-2015 5647. 3,9,27,30,43,47
20-06-2015 5646. 7,21,25,35,38,40
18-06-2015 5645. 9,11,13,18,29,49
16-06-2015 5644. 5,6,11,17,23,28
13-06-2015 5643. 2,3,16,24,28,33
11-06-2015 5642. 4,6,21,26,33,36
09-06-2015 5641. 2,13,17,32,35,44
06-06-2015 5640. 3,7,12,17,18,21
04-06-2015 5639. 4,20,22,30,36,39
02-06-2015 5638. 2,7,14,15,35,40
30-05-2015 5637. 1,8,9,21,31,40
28-05-2015 5636. 3,15,29,32,34,44
26-05-2015 5635. 8,10,14,17,28,32
23-05-2015 5634. 1,2,4,40,47,49
21-05-2015 5633. 8,9,11,18,27,46
19-05-2015 5632. 2,4,19,29,43,44
16-05-2015 5631. 13,28,31,37,41,46
14-05-2015 5630. 3,6,14,23,32,43
12-05-2015 5629. 20,23,28,30,43,46
09-05-2015 5628. 11,15,17,24,41,49
07-05-2015 5627. 4,7,18,25,26,47
05-05-2015 5626. 7,8,10,12,19,23
02-05-2015 5625. 6,9,28,32,33,42
30-04-2015 5624. 1,2,24,31,35,39
28-04-2015 5623. 2,3,20,21,36,43
25-04-2015 5622. 11,21,23,30,37,39
23-04-2015 5621. 3,10,12,14,20,41
21-04-2015 5620. 3,20,23,24,31,48
18-04-2015 5619. 10,21,34,37,43,46
16-04-2015 5618. 1,6,26,29,38,49
14-04-2015 5617. 1,4,17,19,25,46
11-04-2015 5616. 1,16,18,24,31,32
09-04-2015 5615. 2,4,14,16,31,37
07-04-2015 5614. 9,11,28,29,32,44
04-04-2015 5613. 1,10,21,29,32,35
02-04-2015 5612. 19,32,39,45,46,49
31-03-2015 5611. 3,9,13,17,41,43
28-03-2015 5610. 11,21,30,33,40,41
26-03-2015 5609. 2,3,5,6,18,48
24-03-2015 5608. 1,5,23,30,41,49
21-03-2015 5607. 9,18,24,25,34,41
19-03-2015 5606. 13,16,21,27,29,34
17-03-2015 5605. 3,12,21,26,47,48
14-03-2015 5604. 6,17,26,41,43,48
12-03-2015 5603. 19,31,39,40,41,47
10-03-2015 5602. 15,31,33,34,42,47
07-03-2015 5601. 8,9,13,18,41,46
05-03-2015 5600. 3,5,10,11,22,42
03-03-2015 5599. 10,15,20,28,45,48
28-02-2015 5598. 6,7,34,40,42,49
26-02-2015 5597. 3,4,8,11,24,35
24-02-2015 5596. 2,14,22,23,34,49
21-02-2015 5595. 18,30,34,36,37,45
19-02-2015 5594. 21,26,27,35,40,44
17-02-2015 5593. 18,34,38,45,46,49
14-02-2015 5592. 5,11,26,31,33,36
12-02-2015 5591. 12,21,26,31,41,49
10-02-2015 5590. 7,10,23,27,36,44
07-02-2015 5589. 5,14,34,36,38,41
05-02-2015 5588. 4,6,13,18,40,49
03-02-2015 5587. 11,21,31,42,43,46
31-01-2015 5586. 12,15,18,21,31,32
29-01-2015 5585. 4,8,13,15,33,35
27-01-2015 5584. 9,11,17,20,39,41
24-01-2015 5583. 8,24,28,32,35,46
22-01-2015 5582. 10,14,29,42,46,47
20-01-2015 5581. 3,7,16,21,39,48
17-01-2015 5580. 13,14,31,38,40,42
15-01-2015 5579. 2,15,20,25,43,49
13-01-2015 5578. 1,4,14,29,33,49
10-01-2015 5577. 5,12,19,24,29,44
08-01-2015 5576. 6,12,16,24,28,46
06-01-2015 5575. 11,13,29,36,37,45
03-01-2015 5574. 2,14,16,18,22,33
01-01-2015 5573. 2,10,19,43,44,45