31-12-2011 5103. 3,6,10,16,32,38
29-12-2011 5102. 7,14,19,32,42,46
27-12-2011 5101. 2,11,12,16,21,36
24-12-2011 5100. 1,13,15,19,42,45
22-12-2011 5099. 6,19,21,23,27,48
20-12-2011 5098. 8,9,13,30,36,42
17-12-2011 5097. 1,3,26,37,44,49
15-12-2011 5096. 1,24,35,41,43,48
13-12-2011 5095. 22,24,30,41,44,46
10-12-2011 5094. 11,17,23,38,42,46
08-12-2011 5093. 4,18,29,38,46,48
06-12-2011 5092. 13,14,15,19,36,44
03-12-2011 5091. 11,23,38,40,41,46
01-12-2011 5090. 2,22,25,30,37,42
29-11-2011 5089. 3,26,28,32,36,39
26-11-2011 5088. 1,16,19,29,35,44
24-11-2011 5087. 9,10,15,27,39,44
22-11-2011 5086. 6,9,19,28,31,35
19-11-2011 5085. 3,14,16,21,22,29
17-11-2011 5084. 4,6,11,15,25,49
15-11-2011 5083. 6,27,34,37,38,40
12-11-2011 5082. 2,12,28,35,38,40
10-11-2011 5081. 2,7,8,13,21,26
08-11-2011 5080. 3,4,5,9,29,39
05-11-2011 5079. 5,6,18,27,46,49
03-11-2011 5078. 1,5,9,24,28,45
01-11-2011 5077. 4,5,25,37,44,45
29-10-2011 5076. 3,25,26,34,38,40
27-10-2011 5075. 7,16,26,30,31,40
25-10-2011 5074. 4,16,34,35,41,47
22-10-2011 5073. 11,12,23,27,43,49
20-10-2011 5072. 6,9,16,32,42,47
18-10-2011 5071. 7,11,13,18,26,27
15-10-2011 5070. 1,3,13,15,29,35
13-10-2011 5069. 10,13,15,17,19,21
11-10-2011 5068. 4,6,25,29,32,47
08-10-2011 5067. 2,5,18,26,27,46
06-10-2011 5066. 6,16,20,22,38,40
04-10-2011 5065. 12,24,32,40,44,47
01-10-2011 5064. 15,23,27,29,33,41
29-09-2011 5063. 11,32,33,38,40,44
27-09-2011 5062. 14,15,25,27,37,40
24-09-2011 5061. 6,7,12,13,40,43
22-09-2011 5060. 3,8,15,19,29,35
20-09-2011 5059. 6,20,26,30,32,33
17-09-2011 5058. 8,10,20,38,42,45
15-09-2011 5057. 6,11,19,34,35,42
13-09-2011 5056. 9,10,28,32,41,49
10-09-2011 5055. 14,26,36,41,43,49
08-09-2011 5054. 4,9,25,29,34,47
06-09-2011 5053. 1,14,16,40,47,49
03-09-2011 5052. 3,6,22,25,34,43
01-09-2011 5051. 9,14,19,29,38,41
30-08-2011 5050. 2,4,20,21,30,44
27-08-2011 5049. 1,22,37,40,48,49
25-08-2011 5048. 10,21,37,39,43,46
23-08-2011 5047. 6,9,11,25,33,48
20-08-2011 5046. 2,19,30,37,43,49
18-08-2011 5045. 1,16,17,21,32,34
16-08-2011 5044. 8,10,12,26,30,44
13-08-2011 5043. 15,20,29,33,34,46
11-08-2011 5042. 14,17,29,34,35,39
09-08-2011 5041. 2,9,15,25,36,46
06-08-2011 5040. 8,16,26,29,42,46
04-08-2011 5039. 1,12,16,28,36,42
02-08-2011 5038. 5,12,13,21,25,37
30-07-2011 5037. 6,19,23,29,35,43
28-07-2011 5036. 3,11,27,29,32,40
26-07-2011 5035. 12,14,22,33,41,49
23-07-2011 5034. 6,9,19,33,40,45
21-07-2011 5033. 20,30,36,46,47,48
19-07-2011 5032. 1,13,19,38,39,45
16-07-2011 5031. 3,5,10,13,15,33
14-07-2011 5030. 2,5,7,11,40,45
12-07-2011 5029. 14,17,28,29,48,49
09-07-2011 5028. 6,9,17,20,42,49
07-07-2011 5027. 2,12,13,23,28,35
05-07-2011 5026. 15,31,35,36,38,43
02-07-2011 5025. 5,14,21,23,39,40
30-06-2011 5024. 2,4,6,9,34,44
28-06-2011 5023. 4,13,26,27,42,45
25-06-2011 5022. 2,14,27,31,32,41
23-06-2011 5021. 3,11,12,28,29,43
21-06-2011 5020. 2,5,19,32,41,46
18-06-2011 5019. 2,5,10,11,28,40
16-06-2011 5018. 22,23,29,35,41,47
14-06-2011 5017. 13,30,32,36,39,47
11-06-2011 5016. 4,26,33,34,48,49
09-06-2011 5015. 2,8,27,34,45,49
07-06-2011 5014. 15,20,32,33,41,47
04-06-2011 5013. 4,8,9,21,28,32
02-06-2011 5012. 10,11,22,24,38,44
31-05-2011 5011. 5,10,13,25,29,47
28-05-2011 5010. 3,7,18,23,25,30
26-05-2011 5009. 6,13,21,22,36,49
24-05-2011 5008. 14,26,33,34,35,39
21-05-2011 5007. 2,13,28,39,43,46
19-05-2011 5006. 6,18,22,23,33,41
17-05-2011 5005. 8,19,23,32,36,40
14-05-2011 5004. 2,14,23,24,38,40
12-05-2011 5003. 6,13,21,23,24,25
10-05-2011 5002. 7,22,28,32,33,40
07-05-2011 5001. 10,12,13,14,27,47
05-05-2011 5000. 7,9,14,22,34,45
03-05-2011 4999. 11,12,14,35,37,39
30-04-2011 4998. 5,7,9,26,28,42
28-04-2011 4997. 22,31,44,45,47,49
26-04-2011 4996. 4,9,21,32,37,41
23-04-2011 4995. 1,17,18,20,22,49
21-04-2011 4994. 1,4,6,10,15,18
19-04-2011 4993. 6,8,12,25,29,49
16-04-2011 4992. 6,7,9,28,34,42
14-04-2011 4991. 5,8,10,16,24,44
12-04-2011 4990. 3,13,16,18,20,49
09-04-2011 4989. 4,16,37,42,47,48
07-04-2011 4988. 15,16,17,18,19,42
05-04-2011 4987. 2,13,19,29,45,46
02-04-2011 4986. 1,15,18,19,41,42
31-03-2011 4985. 10,13,29,31,34,36
29-03-2011 4984. 5,13,16,18,37,48
26-03-2011 4983. 1,10,13,14,35,44
24-03-2011 4982. 5,10,11,24,32,40
22-03-2011 4981. 4,9,12,16,23,34
19-03-2011 4980. 3,21,23,27,29,42
17-03-2011 4979. 4,23,29,30,32,35
15-03-2011 4978. 8,26,30,32,33,34
12-03-2011 4977. 23,27,29,30,33,40
10-03-2011 4976. 3,18,21,23,27,30
08-03-2011 4975. 1,6,10,12,33,46
05-03-2011 4974. 2,5,26,27,28,45
03-03-2011 4973. 10,13,22,25,30,37
01-03-2011 4972. 26,32,36,38,45,49
26-02-2011 4971. 2,17,25,26,29,36
24-02-2011 4970. 10,15,28,30,37,46
22-02-2011 4969. 1,15,17,31,42,46
19-02-2011 4968. 7,12,33,38,45,48
17-02-2011 4967. 9,19,21,37,38,49
15-02-2011 4966. 3,6,7,8,25,27
12-02-2011 4965. 13,15,16,20,38,45
10-02-2011 4964. 3,6,14,32,38,48
08-02-2011 4963. 13,18,19,24,31,49
05-02-2011 4962. 2,4,11,33,35,38
03-02-2011 4961. 9,13,22,24,37,47
01-02-2011 4960. 8,18,24,26,34,47
29-01-2011 4959. 1,3,19,32,35,38
27-01-2011 4958. 3,10,14,19,35,43
25-01-2011 4957. 7,22,31,37,42,47
22-01-2011 4956. 5,6,18,28,30,39
20-01-2011 4955. 3,12,14,30,36,46
18-01-2011 4954. 9,10,17,19,27,34
15-01-2011 4953. 13,17,20,27,32,33
13-01-2011 4952. 12,18,21,30,34,39
11-01-2011 4951. 1,17,18,20,23,31
08-01-2011 4950. 3,7,28,35,38,43
06-01-2011 4949. 4,5,20,21,28,41
04-01-2011 4948. 5,6,23,24,28,46
01-01-2011 4947. 10,15,26,38,44,46