31-12-2019 6355. 10,21,24,35,40,48
28-12-2019 6354. 8,19,26,29,31,43
26-12-2019 6353. 1,18,34,45,47,49
24-12-2019 6352. 2,7,13,22,28,40
21-12-2019 6351. 6,14,22,30,46,47
19-12-2019 6350. 5,6,15,28,32,46
17-12-2019 6349. 6,11,14,22,35,37
14-12-2019 6348. 15,19,27,42,45,48
12-12-2019 6347. 22,24,27,38,41,49
10-12-2019 6346. 23,25,28,35,37,48
07-12-2019 6345. 3,29,36,37,46,48
05-12-2019 6344. 7,10,12,13,25,26
03-12-2019 6343. 10,12,13,16,45,46
30-11-2019 6342. 4,11,14,25,28,41
28-11-2019 6341. 1,6,9,13,23,29
26-11-2019 6340. 3,7,29,32,34,38
23-11-2019 6339. 3,8,18,39,43,49
21-11-2019 6338. 2,10,27,34,35,49
19-11-2019 6337. 14,15,16,21,40,49
16-11-2019 6336. 5,16,20,24,27,41
14-11-2019 6335. 4,9,20,22,35,45
12-11-2019 6334. 9,20,34,40,42,43
09-11-2019 6333. 3,23,31,34,36,39
07-11-2019 6332. 7,11,16,34,38,45
05-11-2019 6331. 9,31,33,42,44,49
02-11-2019 6330. 2,16,19,28,40,48
31-10-2019 6329. 12,22,23,36,38,48
29-10-2019 6328. 6,7,15,27,43,44
26-10-2019 6327. 24,26,37,41,42,47
24-10-2019 6326. 8,17,23,26,32,34
22-10-2019 6325. 7,28,34,40,45,47
19-10-2019 6324. 1,3,11,12,35,49
17-10-2019 6323. 2,3,4,11,17,18
15-10-2019 6322. 6,14,15,20,33,37
12-10-2019 6321. 4,9,15,25,26,33
10-10-2019 6320. 2,5,6,9,10,36
08-10-2019 6319. 10,11,23,27,40,41
05-10-2019 6318. 4,9,20,27,29,31
03-10-2019 6317. 1,6,16,19,20,30
01-10-2019 6316. 2,4,5,6,20,48
28-09-2019 6315. 6,10,20,32,35,48
26-09-2019 6314. 4,8,24,27,30,33
24-09-2019 6313. 1,3,14,17,18,35
21-09-2019 6312. 2,3,10,16,26,37
19-09-2019 6311. 1,5,30,31,35,49
17-09-2019 6310. 33,35,38,39,41,49
14-09-2019 6309. 11,13,15,26,31,49
12-09-2019 6308. 3,4,9,27,31,47
10-09-2019 6307. 3,11,17,29,33,34
07-09-2019 6306. 1,2,8,10,18,21
05-09-2019 6305. 5,6,24,43,45,46
03-09-2019 6304. 5,6,7,11,36,43
31-08-2019 6303. 13,16,24,25,32,34
29-08-2019 6302. 8,16,22,25,36,43
27-08-2019 6301. 11,12,14,30,37,40
24-08-2019 6300. 13,18,23,27,40,48
22-08-2019 6299. 7,12,20,26,28,44
20-08-2019 6298. 9,15,19,22,29,35
17-08-2019 6297. 5,6,8,24,35,45
15-08-2019 6296. 10,12,15,20,21,30
13-08-2019 6295. 3,10,14,31,47,49
10-08-2019 6294. 14,17,26,35,39,46
08-08-2019 6293. 4,5,9,27,35,45
06-08-2019 6292. 15,19,34,40,42,43
03-08-2019 6291. 1,18,23,29,38,42
01-08-2019 6290. 1,5,11,14,15,43
30-07-2019 6289. 7,8,13,16,28,41
27-07-2019 6288. 1,2,34,38,44,48
25-07-2019 6287. 5,10,13,16,18,27
23-07-2019 6286. 1,8,19,22,41,43
20-07-2019 6285. 11,16,20,25,31,40
18-07-2019 6284. 2,8,13,15,21,27
16-07-2019 6283. 1,5,10,15,27,30
13-07-2019 6282. 9,13,25,28,40,43
11-07-2019 6281. 4,6,11,23,40,49
09-07-2019 6280. 3,5,13,19,25,26
06-07-2019 6279. 14,19,33,38,39,41
04-07-2019 6278. 8,24,27,30,36,46
02-07-2019 6277. 3,18,29,40,42,46
29-06-2019 6276. 5,10,11,15,23,31
27-06-2019 6275. 3,6,8,19,20,43
25-06-2019 6274. 9,14,18,25,33,40
22-06-2019 6273. 3,22,35,36,41,43
20-06-2019 6272. 5,9,20,27,31,46
18-06-2019 6271. 2,4,15,17,44,49
15-06-2019 6270. 7,21,23,26,43,44
13-06-2019 6269. 9,21,36,37,39,40
11-06-2019 6268. 7,11,12,32,34,48
08-06-2019 6267. 8,9,12,30,33,49
06-06-2019 6266. 1,9,11,23,42,46
04-06-2019 6265. 6,9,10,18,31,38
01-06-2019 6264. 13,20,31,34,40,45
30-05-2019 6263. 13,15,18,22,24,39
28-05-2019 6262. 23,26,32,35,41,45
25-05-2019 6261. 8,18,28,30,38,47
23-05-2019 6260. 2,4,10,12,18,43
21-05-2019 6259. 4,8,18,24,29,32
18-05-2019 6258. 1,16,20,21,45,46
16-05-2019 6257. 9,15,26,31,47,49
14-05-2019 6256. 13,16,22,25,29,32
11-05-2019 6255. 4,8,11,20,41,44
09-05-2019 6254. 24,26,31,32,38,42
07-05-2019 6253. 2,6,8,16,36,48
04-05-2019 6252. 6,7,9,18,27,46
02-05-2019 6251. 7,9,11,18,29,46
30-04-2019 6250. 18,20,23,38,39,49
27-04-2019 6249. 3,5,17,21,30,42
25-04-2019 6248. 8,19,25,28,32,39
23-04-2019 6247. 3,8,14,18,39,42
20-04-2019 6246. 5,26,27,35,42,48
18-04-2019 6245. 8,9,11,22,41,47
16-04-2019 6244. 1,3,9,28,36,38
13-04-2019 6243. 2,20,44,45,47,48
11-04-2019 6242. 16,19,26,34,46,47
09-04-2019 6241. 12,17,23,34,38,49
06-04-2019 6240. 8,14,17,23,32,40
04-04-2019 6239. 3,18,22,38,44,47
02-04-2019 6238. 3,7,9,17,34,39
30-03-2019 6237. 9,27,31,34,37,45
28-03-2019 6236. 7,8,25,36,37,38
26-03-2019 6235. 9,14,17,24,26,46
23-03-2019 6234. 15,19,21,24,26,31
21-03-2019 6233. 16,27,32,37,40,41
19-03-2019 6232. 1,6,25,30,31,48
16-03-2019 6231. 13,18,24,37,38,45
14-03-2019 6230. 3,17,21,22,23,46
12-03-2019 6229. 3,11,17,26,34,36
09-03-2019 6228. 4,6,15,18,41,43
07-03-2019 6227. 1,18,19,25,31,41
05-03-2019 6226. 1,12,19,25,29,31
02-03-2019 6225. 3,16,17,20,25,36
28-02-2019 6224. 6,7,16,32,42,46
26-02-2019 6223. 4,8,29,34,36,49
23-02-2019 6222. 2,5,12,13,16,27
21-02-2019 6221. 7,8,9,16,48,49
19-02-2019 6220. 3,11,14,23,29,44
16-02-2019 6219. 4,17,18,29,33,42
14-02-2019 6218. 1,12,25,29,33,48
12-02-2019 6217. 2,8,9,17,27,49
09-02-2019 6216. 1,8,15,17,24,46
07-02-2019 6215. 1,11,32,41,44,45
05-02-2019 6214. 11,14,37,39,47,48
02-02-2019 6213. 4,24,27,32,37,39
31-01-2019 6212. 7,16,28,32,36,38
29-01-2019 6211. 8,12,19,21,22,38
26-01-2019 6210. 1,7,16,41,45,49
24-01-2019 6209. 6,10,12,22,33,40
22-01-2019 6208. 1,10,14,36,38,44
19-01-2019 6207. 12,14,21,30,32,43
17-01-2019 6206. 6,7,13,14,39,42
15-01-2019 6205. 5,15,17,26,32,49
12-01-2019 6204. 2,5,10,14,15,49
10-01-2019 6203. 2,10,13,38,42,46
08-01-2019 6202. 4,17,21,26,42,45
05-01-2019 6201. 7,16,18,21,22,26
03-01-2019 6200. 2,14,21,22,37,44
01-01-2019 6199. 6,20,24,33,44,47