30-12-2017 6042. 1,12,17,21,43,48
28-12-2017 6041. 2,3,7,25,38,40
26-12-2017 6040. 3,4,9,17,27,30
23-12-2017 6039. 3,6,13,14,34,43
21-12-2017 6038. 3,22,33,39,45,49
19-12-2017 6037. 9,13,31,34,35,40
16-12-2017 6036. 1,13,27,31,33,41
14-12-2017 6035. 12,15,19,32,34,40
12-12-2017 6034. 16,21,31,40,45,49
09-12-2017 6033. 1,4,6,18,22,47
07-12-2017 6032. 21,31,34,42,45,49
05-12-2017 6031. 1,3,20,21,33,45
02-12-2017 6030. 2,4,5,8,22,26
30-11-2017 6029. 14,19,22,25,37,43
28-11-2017 6028. 2,3,8,14,27,49
25-11-2017 6027. 9,13,16,17,21,31
23-11-2017 6026. 2,7,18,20,27,29
21-11-2017 6025. 23,28,30,33,46,47
18-11-2017 6024. 1,17,19,28,39,40
16-11-2017 6023. 4,8,17,33,45,48
14-11-2017 6022. 7,8,20,28,34,41
11-11-2017 6021. 3,11,14,31,38,46
09-11-2017 6020. 6,19,24,26,31,45
07-11-2017 6019. 2,8,18,27,30,46
04-11-2017 6018. 2,4,7,8,23,46
02-11-2017 6017. 8,9,18,20,31,40
31-10-2017 6016. 3,13,16,27,28,44
28-10-2017 6015. 6,13,14,15,21,39
26-10-2017 6014. 2,10,16,22,28,37
24-10-2017 6013. 5,15,20,21,31,49
21-10-2017 6012. 6,14,26,42,44,46
19-10-2017 6011. 14,22,24,25,34,38
17-10-2017 6010. 11,34,39,41,43,48
14-10-2017 6009. 3,14,28,32,34,46
12-10-2017 6008. 8,9,20,25,34,40
10-10-2017 6007. 4,6,22,38,40,46
07-10-2017 6006. 7,23,26,29,32,44
05-10-2017 6005. 9,10,13,22,38,42
03-10-2017 6004. 1,2,10,12,30,36
30-09-2017 6003. 3,25,34,35,38,39
28-09-2017 6002. 8,10,34,35,37,48
26-09-2017 6001. 4,15,28,29,30,41
23-09-2017 6000. 11,22,23,37,44,46
21-09-2017 5999. 6,21,40,42,47,49
19-09-2017 5998. 3,15,16,31,32,35
16-09-2017 5997. 2,4,23,28,37,38
14-09-2017 5996. 9,27,37,40,42,46
12-09-2017 5995. 5,24,27,34,42,45
09-09-2017 5994. 6,16,33,34,41,42
07-09-2017 5993. 1,2,15,18,38,45
05-09-2017 5992. 6,21,24,38,40,47
02-09-2017 5991. 14,20,26,29,34,41
31-08-2017 5990. 6,9,10,34,41,42
29-08-2017 5989. 4,21,34,37,38,39
26-08-2017 5988. 9,10,23,37,41,47
24-08-2017 5987. 9,29,34,35,43,45
22-08-2017 5986. 11,15,28,31,36,48
19-08-2017 5985. 4,15,27,35,36,46
17-08-2017 5984. 7,10,13,19,36,38
15-08-2017 5983. 3,10,23,34,35,44
12-08-2017 5982. 8,25,30,36,37,47
10-08-2017 5981. 13,24,34,36,39,47
08-08-2017 5980. 1,28,30,34,37,38
05-08-2017 5979. 10,20,23,35,47,49
03-08-2017 5978. 15,31,34,38,41,44
01-08-2017 5977. 12,15,19,23,27,33
29-07-2017 5976. 4,10,24,29,32,40
27-07-2017 5975. 15,28,36,38,39,46
25-07-2017 5974. 11,22,30,32,35,39
22-07-2017 5973. 4,6,9,27,30,35
20-07-2017 5972. 6,14,28,31,34,44
18-07-2017 5971. 10,13,18,25,32,44
15-07-2017 5970. 3,10,11,18,39,46
13-07-2017 5969. 2,8,9,32,36,44
11-07-2017 5968. 1,3,17,23,34,48
08-07-2017 5967. 14,30,34,38,43,46
06-07-2017 5966. 1,11,14,30,34,36
04-07-2017 5965. 28,32,33,38,45,49
01-07-2017 5964. 12,22,28,30,40,47
29-06-2017 5963. 12,23,31,46,48,49
27-06-2017 5962. 1,2,5,11,38,39
24-06-2017 5961. 1,4,25,31,32,41
22-06-2017 5960. 11,13,14,15,16,36
20-06-2017 5959. 3,19,20,24,41,49
17-06-2017 5958. 5,7,10,11,23,34
15-06-2017 5957. 4,10,21,36,40,46
13-06-2017 5956. 9,24,27,30,40,48
10-06-2017 5955. 6,8,17,35,36,41
08-06-2017 5954. 22,26,37,39,45,48
06-06-2017 5953. 12,16,21,23,24,37
03-06-2017 5952. 1,7,14,15,27,47
01-06-2017 5951. 2,4,5,25,32,49
30-05-2017 5950. 8,9,17,32,34,36
27-05-2017 5949. 1,6,26,27,32,36
25-05-2017 5948. 2,4,11,24,26,43
23-05-2017 5947. 4,11,13,19,26,27
20-05-2017 5946. 10,11,12,19,24,34
18-05-2017 5945. 4,17,24,34,40,47
16-05-2017 5944. 6,25,27,29,32,36
13-05-2017 5943. 6,11,23,37,44,46
11-05-2017 5942. 3,22,23,28,38,43
09-05-2017 5941. 3,17,28,32,34,48
06-05-2017 5940. 3,7,9,14,43,49
04-05-2017 5939. 7,14,25,38,44,49
02-05-2017 5938. 7,14,15,16,19,25
29-04-2017 5937. 3,6,7,11,41,46
27-04-2017 5936. 6,15,27,31,44,48
25-04-2017 5935. 7,15,18,20,27,34
22-04-2017 5934. 22,33,37,38,42,45
20-04-2017 5933. 4,8,15,17,27,42
18-04-2017 5932. 13,16,17,29,42,45
15-04-2017 5931. 1,5,17,36,37,42
13-04-2017 5930. 2,14,24,42,45,47
11-04-2017 5929. 6,9,13,37,41,43
08-04-2017 5928. 2,6,9,13,31,32
06-04-2017 5927. 12,16,21,32,42,45
04-04-2017 5926. 6,8,14,36,46,49
01-04-2017 5925. 17,21,30,40,41,44
30-03-2017 5924. 6,18,23,25,30,34
28-03-2017 5923. 2,16,26,28,38,42
25-03-2017 5922. 3,7,23,36,38,47
23-03-2017 5921. 14,21,32,38,42,44
21-03-2017 5920. 8,21,23,39,41,43
18-03-2017 5919. 16,18,20,23,25,37
16-03-2017 5918. 9,10,25,35,44,45
14-03-2017 5917. 5,12,34,41,47,49
11-03-2017 5916. 22,25,33,44,45,49
09-03-2017 5915. 1,16,28,29,34,43
07-03-2017 5914. 4,13,16,22,29,44
04-03-2017 5913. 13,15,22,28,34,44
02-03-2017 5912. 5,16,24,25,26,47
28-02-2017 5911. 1,6,23,33,40,45
25-02-2017 5910. 2,14,28,40,45,47
23-02-2017 5909. 7,8,14,18,25,30
21-02-2017 5908. 4,8,13,20,41,47
18-02-2017 5907. 10,13,15,27,28,31
16-02-2017 5906. 5,8,19,40,48,49
14-02-2017 5905. 7,22,34,36,38,46
11-02-2017 5904. 5,12,14,25,44,47
09-02-2017 5903. 9,16,20,22,26,49
07-02-2017 5902. 11,29,31,34,43,46
04-02-2017 5901. 2,11,20,33,37,46
02-02-2017 5900. 21,28,34,35,38,46
31-01-2017 5899. 6,25,26,38,43,48
28-01-2017 5898. 8,11,20,26,37,48
26-01-2017 5897. 6,12,39,41,42,47
24-01-2017 5896. 17,31,36,37,42,46
21-01-2017 5895. 4,10,27,40,42,47
19-01-2017 5894. 11,12,28,33,37,48
17-01-2017 5893. 5,7,8,11,13,34
14-01-2017 5892. 6,26,28,30,40,48
12-01-2017 5891. 5,25,27,45,47,49
10-01-2017 5890. 17,20,28,43,45,49
07-01-2017 5889. 6,10,28,35,41,44
05-01-2017 5888. 5,15,21,24,32,48
03-01-2017 5887. 1,2,7,21,24,35