30-12-2014 5572. 5,6,7,17,26,29
27-12-2014 5571. 4,20,21,24,27,46
25-12-2014 5570. 4,19,28,34,36,38
23-12-2014 5569. 4,9,21,23,28,49
20-12-2014 5568. 1,14,20,31,35,41
18-12-2014 5567. 16,19,31,38,43,46
16-12-2014 5566. 3,10,27,30,32,36
13-12-2014 5565. 5,6,8,19,40,44
11-12-2014 5564. 11,18,19,31,43,47
09-12-2014 5563. 23,24,41,42,47,49
06-12-2014 5562. 7,15,34,37,39,42
04-12-2014 5561. 15,30,31,37,43,47
02-12-2014 5560. 3,7,18,40,46,47
29-11-2014 5559. 4,5,21,30,31,49
27-11-2014 5558. 5,8,10,19,23,40
25-11-2014 5557. 1,5,12,18,29,34
22-11-2014 5556. 10,13,20,22,32,49
20-11-2014 5555. 2,21,27,36,38,44
18-11-2014 5554. 3,7,12,23,25,31
15-11-2014 5553. 5,11,21,27,39,49
13-11-2014 5552. 5,11,14,21,36,47
11-11-2014 5551. 2,3,11,13,28,31
08-11-2014 5550. 3,22,23,29,35,48
06-11-2014 5549. 11,14,17,19,25,26
04-11-2014 5548. 5,20,26,39,42,43
01-11-2014 5547. 1,6,20,34,41,47
30-10-2014 5546. 2,3,27,28,43,48
28-10-2014 5545. 3,5,12,26,39,42
25-10-2014 5544. 15,20,31,35,39,49
23-10-2014 5543. 16,22,30,38,40,47
21-10-2014 5542. 11,14,20,39,43,46
18-10-2014 5541. 12,13,17,32,42,47
16-10-2014 5540. 8,18,27,30,38,43
14-10-2014 5539. 6,11,14,31,34,48
11-10-2014 5538. 13,23,32,36,39,43
09-10-2014 5537. 1,15,25,33,35,44
07-10-2014 5536. 14,16,23,27,30,32
04-10-2014 5535. 5,15,17,26,40,45
02-10-2014 5534. 1,8,12,15,40,46
30-09-2014 5533. 4,22,33,34,45,48
27-09-2014 5532. 11,29,33,41,42,47
25-09-2014 5531. 5,17,24,32,41,44
23-09-2014 5530. 8,34,38,39,42,43
20-09-2014 5529. 15,17,25,28,46,47
18-09-2014 5528. 1,2,22,28,40,46
16-09-2014 5527. 16,23,27,36,42,46
13-09-2014 5526. 22,26,35,39,46,49
11-09-2014 5525. 4,27,36,37,41,43
09-09-2014 5524. 13,16,30,33,34,38
06-09-2014 5523. 9,29,30,33,34,41
04-09-2014 5522. 15,17,18,22,35,43
02-09-2014 5521. 18,19,31,36,38,42
30-08-2014 5520. 15,18,21,35,40,47
28-08-2014 5519. 3,9,11,16,17,42
26-08-2014 5518. 11,15,19,20,22,40
23-08-2014 5517. 11,15,29,32,34,38
21-08-2014 5516. 17,30,34,40,46,49
19-08-2014 5515. 6,13,19,23,40,45
16-08-2014 5514. 6,14,15,25,28,45
14-08-2014 5513. 4,5,17,20,25,36
12-08-2014 5512. 7,22,23,32,39,42
09-08-2014 5511. 11,32,39,46,47,48
07-08-2014 5510. 4,7,8,28,33,45
05-08-2014 5509. 15,19,21,23,30,39
02-08-2014 5508. 9,18,20,28,35,45
31-07-2014 5507. 1,36,37,39,40,46
29-07-2014 5506. 21,26,29,31,32,36
26-07-2014 5505. 13,18,24,26,31,37
24-07-2014 5504. 3,18,20,40,43,49
22-07-2014 5503. 1,16,19,21,37,40
19-07-2014 5502. 3,12,13,27,35,41
17-07-2014 5501. 10,11,35,37,47,48
15-07-2014 5500. 13,18,23,28,40,42
12-07-2014 5499. 11,13,22,29,41,46
10-07-2014 5498. 11,19,30,34,35,49
08-07-2014 5497. 4,11,21,25,28,47
05-07-2014 5496. 22,28,34,35,36,46
03-07-2014 5495. 8,19,20,26,28,36
01-07-2014 5494. 1,15,22,31,45,49
28-06-2014 5493. 7,13,23,27,39,41
26-06-2014 5492. 19,21,22,31,40,42
24-06-2014 5491. 2,6,15,32,36,48
21-06-2014 5490. 6,19,24,30,42,45
19-06-2014 5489. 2,3,9,11,35,38
17-06-2014 5488. 11,12,23,26,27,28
14-06-2014 5487. 9,10,17,33,38,44
12-06-2014 5486. 3,11,12,21,22,41
10-06-2014 5485. 10,17,19,23,31,38
07-06-2014 5484. 5,6,13,26,28,31
05-06-2014 5483. 8,15,17,27,29,35
03-06-2014 5482. 13,15,21,22,38,43
31-05-2014 5481. 9,14,25,34,41,47
29-05-2014 5480. 2,9,28,33,36,40
27-05-2014 5479. 3,11,20,29,36,45
24-05-2014 5478. 5,15,20,35,36,38
22-05-2014 5477. 17,30,32,34,36,40
20-05-2014 5476. 1,8,16,23,45,47
17-05-2014 5475. 1,6,12,15,28,32
15-05-2014 5474. 2,3,8,11,16,20
13-05-2014 5473. 9,23,27,37,39,46
10-05-2014 5472. 12,16,19,27,33,35
08-05-2014 5471. 2,5,9,11,20,38
06-05-2014 5470. 10,25,27,39,43,47
03-05-2014 5469. 4,5,15,19,27,48
01-05-2014 5468. 8,14,23,25,40,45
29-04-2014 5467. 11,17,21,35,37,38
26-04-2014 5466. 5,7,13,22,27,37
24-04-2014 5465. 5,8,18,23,30,32
22-04-2014 5464. 6,10,11,29,37,46
19-04-2014 5463. 7,8,20,29,46,48
17-04-2014 5462. 20,24,27,33,43,46
15-04-2014 5461. 12,13,15,16,40,47
12-04-2014 5460. 2,14,20,30,34,43
10-04-2014 5459. 17,23,27,36,39,41
08-04-2014 5458. 11,13,17,29,30,46
05-04-2014 5457. 21,22,25,31,33,35
03-04-2014 5456. 6,8,17,19,42,47
01-04-2014 5455. 8,10,28,29,42,48
29-03-2014 5454. 6,25,28,31,47,49
27-03-2014 5453. 5,11,15,19,29,35
25-03-2014 5452. 4,9,11,13,24,39
22-03-2014 5451. 1,19,23,29,31,38
20-03-2014 5450. 2,12,14,19,25,42
18-03-2014 5449. 17,20,23,28,30,45
15-03-2014 5448. 3,8,20,25,44,48
13-03-2014 5447. 4,7,16,33,35,40
11-03-2014 5446. 4,5,40,45,46,48
08-03-2014 5445. 6,10,19,20,21,48
06-03-2014 5444. 13,28,33,43,44,49
04-03-2014 5443. 6,15,21,26,46,47
01-03-2014 5442. 4,33,35,40,41,48
27-02-2014 5441. 4,20,25,27,38,44
25-02-2014 5440. 3,5,32,36,39,45
22-02-2014 5439. 14,27,33,43,48,49
20-02-2014 5438. 4,6,10,20,35,47
18-02-2014 5437. 13,15,22,35,41,46
15-02-2014 5436. 16,21,27,32,42,44
13-02-2014 5435. 5,12,14,20,37,47
11-02-2014 5434. 5,18,21,33,34,49
08-02-2014 5433. 25,32,34,38,41,45
06-02-2014 5432. 7,27,29,32,46,49
04-02-2014 5431. 6,18,26,28,40,43
01-02-2014 5430. 4,18,24,30,36,37
30-01-2014 5429. 2,9,14,23,29,33
28-01-2014 5428. 14,18,25,34,38,41
25-01-2014 5427. 3,13,25,26,42,45
23-01-2014 5426. 14,15,20,21,31,44
21-01-2014 5425. 2,3,28,29,33,34
18-01-2014 5424. 2,9,11,23,24,34
16-01-2014 5423. 10,12,26,34,47,48
14-01-2014 5422. 31,40,41,44,45,48
11-01-2014 5421. 9,13,24,26,38,43
09-01-2014 5420. 4,6,19,38,42,45
07-01-2014 5419. 12,13,19,32,40,44
04-01-2014 5418. 7,14,31,37,40,42
02-01-2014 5417. 20,27,28,34,35,46