29-12-2018 6198. 3,9,15,24,33,34
27-12-2018 6197. 5,8,10,33,42,48
25-12-2018 6196. 6,13,35,39,40,47
22-12-2018 6195. 15,31,36,39,45,47
20-12-2018 6194. 1,3,17,29,44,47
18-12-2018 6193. 8,11,20,38,39,43
15-12-2018 6192. 12,13,16,24,28,45
13-12-2018 6191. 4,6,10,28,32,34
11-12-2018 6190. 3,6,8,16,31,38
08-12-2018 6189. 9,28,40,42,43,46
06-12-2018 6188. 2,21,24,27,35,36
04-12-2018 6187. 17,18,26,30,39,40
01-12-2018 6186. 1,3,8,30,37,45
29-11-2018 6185. 9,14,27,36,42,44
27-11-2018 6184. 12,19,25,32,42,48
24-11-2018 6183. 13,14,24,32,48,49
22-11-2018 6182. 1,9,14,19,21,46
20-11-2018 6181. 5,12,21,24,27,36
17-11-2018 6180. 4,16,20,26,40,42
15-11-2018 6179. 8,25,27,30,31,48
13-11-2018 6178. 15,29,30,42,45,48
10-11-2018 6177. 3,14,15,31,36,46
08-11-2018 6176. 4,10,21,22,23,26
06-11-2018 6175. 1,12,13,15,17,27
03-11-2018 6174. 2,4,5,18,26,36
01-11-2018 6173. 1,12,19,23,27,47
30-10-2018 6172. 2,14,22,24,26,36
27-10-2018 6171. 15,21,34,40,43,46
25-10-2018 6170. 10,25,33,39,41,49
23-10-2018 6169. 3,12,16,23,31,43
20-10-2018 6168. 8,11,17,22,23,35
18-10-2018 6167. 5,15,23,33,35,45
16-10-2018 6166. 12,15,25,31,38,45
13-10-2018 6165. 1,4,6,11,24,45
11-10-2018 6164. 4,14,20,24,29,45
09-10-2018 6163. 1,3,9,15,17,38
06-10-2018 6162. 12,17,23,24,34,48
04-10-2018 6161. 10,12,21,24,27,38
02-10-2018 6160. 7,10,26,34,44,45
29-09-2018 6159. 7,13,25,28,34,43
27-09-2018 6158. 9,11,15,37,39,43
25-09-2018 6157. 7,10,12,17,38,46
22-09-2018 6156. 4,8,23,27,30,34
20-09-2018 6155. 1,7,13,14,25,28
18-09-2018 6154. 7,21,24,36,38,42
15-09-2018 6153. 4,12,16,29,36,37
13-09-2018 6152. 8,14,15,23,27,31
11-09-2018 6151. 17,21,27,36,37,42
08-09-2018 6150. 5,23,24,29,36,45
06-09-2018 6149. 5,14,25,27,33,45
04-09-2018 6148. 7,10,19,20,25,46
01-09-2018 6147. 9,14,15,42,44,48
30-08-2018 6146. 3,9,27,38,41,42
28-08-2018 6145. 1,4,18,21,29,30
25-08-2018 6144. 33,34,36,37,46,47
23-08-2018 6143. 10,14,16,33,38,40
21-08-2018 6142. 5,7,9,27,40,43
18-08-2018 6141. 1,8,17,25,26,42
16-08-2018 6140. 10,20,25,31,38,44
14-08-2018 6139. 2,14,25,27,43,47
11-08-2018 6138. 3,17,22,27,35,39
09-08-2018 6137. 15,29,34,35,44,48
07-08-2018 6136. 8,22,24,28,39,46
04-08-2018 6135. 6,15,16,22,25,33
02-08-2018 6134. 5,7,20,44,47,48
31-07-2018 6133. 3,5,6,24,36,40
28-07-2018 6132. 18,21,26,32,41,49
26-07-2018 6131. 1,25,26,30,31,47
24-07-2018 6130. 4,5,15,37,39,47
21-07-2018 6129. 8,19,24,25,40,41
19-07-2018 6128. 1,2,27,29,35,40
17-07-2018 6127. 12,30,38,43,47,49
14-07-2018 6126. 2,3,28,32,33,49
12-07-2018 6125. 3,13,24,25,38,44
10-07-2018 6124. 4,15,18,25,37,46
07-07-2018 6123. 7,10,25,34,43,44
05-07-2018 6122. 4,15,16,21,28,36
03-07-2018 6121. 3,16,20,31,46,48
30-06-2018 6120. 9,11,21,30,32,44
28-06-2018 6119. 18,23,25,30,31,47
26-06-2018 6118. 15,19,22,23,25,38
23-06-2018 6117. 6,11,15,40,42,44
21-06-2018 6116. 6,9,22,30,34,39
19-06-2018 6115. 3,4,23,34,40,46
16-06-2018 6114. 4,9,10,16,42,43
14-06-2018 6113. 10,25,31,39,42,49
12-06-2018 6112. 13,15,19,30,38,43
09-06-2018 6111. 2,21,26,39,41,46
07-06-2018 6110. 23,26,30,31,32,35
05-06-2018 6109. 1,8,30,39,41,46
02-06-2018 6108. 3,8,12,19,27,36
31-05-2018 6107. 1,2,10,22,37,41
29-05-2018 6106. 7,22,24,30,40,45
26-05-2018 6105. 6,10,15,22,23,37
24-05-2018 6104. 2,9,12,17,18,23
22-05-2018 6103. 5,18,24,29,36,42
19-05-2018 6102. 2,9,11,27,29,31
17-05-2018 6101. 4,5,8,10,15,35
15-05-2018 6100. 7,15,27,44,47,49
12-05-2018 6099. 2,6,14,17,24,40
10-05-2018 6098. 3,17,24,27,43,46
08-05-2018 6097. 9,12,16,36,37,40
05-05-2018 6096. 10,12,15,20,31,46
03-05-2018 6095. 4,11,16,20,26,44
01-05-2018 6094. 1,4,7,25,29,48
28-04-2018 6093. 11,28,32,33,35,46
26-04-2018 6092. 1,10,11,15,37,39
24-04-2018 6091. 15,20,25,30,35,44
21-04-2018 6090. 5,10,16,21,34,36
19-04-2018 6089. 4,6,13,15,22,38
17-04-2018 6088. 1,7,9,29,35,45
14-04-2018 6087. 1,2,8,26,32,40
12-04-2018 6086. 3,6,7,22,32,41
10-04-2018 6085. 6,13,18,39,40,44
07-04-2018 6084. 10,22,32,35,43,46
05-04-2018 6083. 4,14,17,25,36,46
03-04-2018 6082. 4,7,13,14,20,32
31-03-2018 6081. 27,29,37,38,44,49
29-03-2018 6080. 2,7,23,39,41,45
27-03-2018 6079. 1,11,20,21,34,35
24-03-2018 6078. 16,19,26,36,38,47
22-03-2018 6077. 23,25,28,36,37,49
20-03-2018 6076. 8,14,15,21,28,48
17-03-2018 6075. 13,25,32,34,39,49
15-03-2018 6074. 8,9,19,28,36,46
13-03-2018 6073. 10,14,17,21,22,46
10-03-2018 6072. 2,28,34,36,47,49
08-03-2018 6071. 6,20,29,35,40,42
06-03-2018 6070. 12,16,23,25,26,27
03-03-2018 6069. 1,12,17,21,26,40
01-03-2018 6068. 21,24,28,33,43,44
27-02-2018 6067. 8,18,19,21,36,42
24-02-2018 6066. 1,4,5,11,37,44
22-02-2018 6065. 11,18,30,40,43,49
20-02-2018 6064. 5,17,20,34,37,43
17-02-2018 6063. 6,14,30,33,36,42
15-02-2018 6062. 1,7,21,36,37,43
13-02-2018 6061. 11,25,29,31,34,36
10-02-2018 6060. 4,9,10,21,26,29
08-02-2018 6059. 5,17,20,24,39,43
06-02-2018 6058. 3,32,35,39,40,46
03-02-2018 6057. 13,16,22,40,43,49
01-02-2018 6056. 8,9,13,15,41,44
30-01-2018 6055. 2,4,21,43,48,49
27-01-2018 6054. 12,24,34,36,40,44
25-01-2018 6053. 1,3,23,29,38,49
23-01-2018 6052. 13,17,22,29,44,45
20-01-2018 6051. 22,24,25,27,36,37
18-01-2018 6050. 1,2,15,35,45,49
16-01-2018 6049. 4,5,15,21,24,27
13-01-2018 6048. 9,10,18,31,39,41
11-01-2018 6047. 14,21,25,27,30,39
09-01-2018 6046. 1,2,12,21,27,49
06-01-2018 6045. 9,21,23,35,39,46
04-01-2018 6044. 4,8,9,26,30,47
02-01-2018 6043. 1,6,10,18,28,31