14-10-2021 6635. 1,6,11,13,22,46
12-10-2021 6634. 18,21,25,33,38,48
09-10-2021 6633. 7,8,12,18,37,43
07-10-2021 6632. 1,16,24,37,44,46
05-10-2021 6631. 7,13,21,25,32,33
02-10-2021 6630. 1,7,21,23,32,42
30-09-2021 6629. 1,3,28,34,43,45
28-09-2021 6628. 17,18,22,31,42,46
25-09-2021 6627. 4,15,19,24,41,48
23-09-2021 6626. 1,14,24,31,42,47
21-09-2021 6625. 7,10,18,19,35,39
18-09-2021 6624. 13,14,33,38,43,45
16-09-2021 6623. 2,3,6,7,43,44
14-09-2021 6622. 6,15,16,23,35,46
11-09-2021 6621. 2,30,33,41,45,46
09-09-2021 6620. 3,15,21,23,28,46
07-09-2021 6619. 1,4,10,19,20,42
04-09-2021 6618. 28,29,30,34,35,38
02-09-2021 6617. 4,9,17,22,30,36
31-08-2021 6616. 12,17,26,31,41,43
28-08-2021 6615. 3,6,10,15,23,29
26-08-2021 6614. 5,6,8,10,13,16
24-08-2021 6613. 4,9,25,30,39,47
21-08-2021 6612. 4,12,15,20,22,33
19-08-2021 6611. 6,8,12,22,32,36
17-08-2021 6610. 4,5,23,27,32,36
14-08-2021 6609. 10,19,28,33,34,37
12-08-2021 6608. 8,18,19,20,35,39
10-08-2021 6607. 7,14,26,31,32,43
07-08-2021 6606. 12,20,21,23,33,39
05-08-2021 6605. 13,21,28,29,34,35
03-08-2021 6604. 1,8,10,22,23,28
31-07-2021 6603. 12,13,22,31,34,44
29-07-2021 6602. 7,12,35,39,42,46
27-07-2021 6601. 6,16,26,36,38,46
24-07-2021 6600. 10,23,26,29,32,39
22-07-2021 6599. 14,17,19,23,28,44
20-07-2021 6598. 3,7,11,16,34,47
17-07-2021 6597. 2,8,13,21,22,30
15-07-2021 6596. 5,12,19,24,33,45
13-07-2021 6595. 1,8,11,26,37,47
10-07-2021 6594. 1,4,16,31,36,45
08-07-2021 6593. 4,8,18,24,29,47
06-07-2021 6592. 2,3,32,33,42,44
03-07-2021 6591. 17,29,33,40,43,49
01-07-2021 6590. 3,10,19,33,38,44
29-06-2021 6589. 1,16,25,34,36,39
26-06-2021 6588. 2,14,30,34,44,49
24-06-2021 6587. 14,19,29,35,39,47
22-06-2021 6586. 9,10,14,23,25,44
19-06-2021 6585. 3,13,31,34,43,47
17-06-2021 6584. 17,19,20,24,46,48
15-06-2021 6583. 1,2,24,30,46,49
12-06-2021 6582. 1,16,19,21,22,37
10-06-2021 6581. 3,4,14,31,41,46
08-06-2021 6580. 3,19,20,27,29,40
05-06-2021 6579. 1,2,3,22,24,43
03-06-2021 6578. 1,2,15,36,41,49
01-06-2021 6577. 16,28,38,39,44,45
29-05-2021 6576. 3,14,15,22,41,46
27-05-2021 6575. 5,17,31,41,42,47
25-05-2021 6574. 11,19,24,29,39,49
22-05-2021 6573. 3,8,21,23,35,38
20-05-2021 6572. 30,35,43,45,46,48
18-05-2021 6571. 3,23,34,41,45,49
15-05-2021 6570. 5,13,15,26,37,42
13-05-2021 6569. 2,3,6,13,15,17
11-05-2021 6568. 19,22,29,31,34,42
08-05-2021 6567. 8,10,13,36,44,47
06-05-2021 6566. 3,16,24,42,46,49
04-05-2021 6565. 10,11,24,27,31,37
01-05-2021 6564. 3,11,15,22,43,44
29-04-2021 6563. 5,31,42,43,44,49
27-04-2021 6562. 2,5,27,36,43,48
24-04-2021 6561. 21,23,38,39,41,47
22-04-2021 6560. 1,10,11,26,30,44
20-04-2021 6559. 1,5,10,12,33,45
17-04-2021 6558. 4,14,16,29,36,41
15-04-2021 6557. 5,14,22,42,45,49
13-04-2021 6556. 5,12,25,29,30,38
10-04-2021 6555. 29,32,34,38,41,44
08-04-2021 6554. 31,33,36,41,42,45
06-04-2021 6553. 8,17,24,26,28,29
03-04-2021 6552. 8,9,30,31,45,47
01-04-2021 6551. 7,27,30,32,36,44
30-03-2021 6550. 6,9,10,11,36,38
27-03-2021 6549. 2,25,31,34,38,46
25-03-2021 6548. 5,19,34,43,44,46
23-03-2021 6547. 7,11,12,16,19,48
20-03-2021 6546. 2,3,5,9,31,48
18-03-2021 6545. 1,5,18,24,43,47
16-03-2021 6544. 3,4,24,27,28,48
13-03-2021 6543. 8,14,17,42,43,47
11-03-2021 6542. 2,5,17,18,33,40
09-03-2021 6541. 15,20,32,37,43,48
06-03-2021 6540. 6,10,15,16,17,27
04-03-2021 6539. 22,25,30,34,37,43
02-03-2021 6538. 17,18,37,43,45,46
27-02-2021 6537. 1,22,37,40,42,48
25-02-2021 6536. 3,7,14,18,40,46
23-02-2021 6535. 4,11,15,20,22,27
20-02-2021 6534. 3,20,25,27,33,46
18-02-2021 6533. 2,18,19,22,25,35
16-02-2021 6532. 3,13,16,18,34,41
13-02-2021 6531. 2,8,16,30,36,46
11-02-2021 6530. 6,8,14,18,31,44
09-02-2021 6529. 17,23,26,42,46,49
06-02-2021 6528. 7,11,29,31,33,41
04-02-2021 6527. 23,29,31,37,41,49
02-02-2021 6526. 9,20,38,39,42,45
30-01-2021 6525. 1,18,36,39,47,48
28-01-2021 6524. 14,22,23,41,48,49
26-01-2021 6523. 13,17,20,25,41,47
23-01-2021 6522. 13,17,35,39,43,48
21-01-2021 6521. 12,18,25,27,28,48
19-01-2021 6520. 2,6,22,38,41,43
16-01-2021 6519. 11,25,32,37,46,48
14-01-2021 6518. 2,4,9,10,27,31
12-01-2021 6517. 5,10,32,35,37,38
09-01-2021 6516. 9,14,24,25,36,41
07-01-2021 6515. 9,12,28,32,38,41
05-01-2021 6514. 9,15,33,35,47,48
02-01-2021 6513. 8,16,17,21,26,27