31-12-2020 6512. 1,21,25,27,39,42
29-12-2020 6511. 1,17,23,37,45,48
26-12-2020 6510. 16,19,24,25,31,47
24-12-2020 6509. 19,22,24,26,27,40
22-12-2020 6508. 4,14,24,25,26,41
19-12-2020 6507. 13,20,29,33,40,46
17-12-2020 6506. 6,7,33,37,45,47
15-12-2020 6505. 12,13,19,25,40,49
12-12-2020 6504. 5,8,20,31,33,43
10-12-2020 6503. 3,6,15,20,22,38
08-12-2020 6502. 5,20,24,29,31,39
05-12-2020 6501. 2,16,19,23,24,33
03-12-2020 6500. 18,19,28,43,44,46
01-12-2020 6499. 6,24,30,38,39,46
28-11-2020 6498. 2,5,18,27,40,42
26-11-2020 6497. 3,13,28,32,38,43
24-11-2020 6496. 2,7,8,12,32,39
21-11-2020 6495. 2,10,15,28,39,40
19-11-2020 6494. 5,8,16,17,32,37
17-11-2020 6493. 1,2,8,33,46,47
14-11-2020 6492. 1,12,20,27,44,48
12-11-2020 6491. 3,5,8,15,22,28
10-11-2020 6490. 10,19,23,25,33,46
07-11-2020 6489. 9,10,19,25,27,28
05-11-2020 6488. 7,14,21,26,47,49
03-11-2020 6487. 3,6,10,25,33,45
31-10-2020 6486. 10,14,17,27,38,44
29-10-2020 6485. 4,14,22,23,28,30
27-10-2020 6484. 3,5,9,14,30,31
24-10-2020 6483. 27,35,36,37,39,43
22-10-2020 6482. 4,20,26,31,33,36
20-10-2020 6481. 4,27,29,35,41,49
17-10-2020 6480. 19,25,26,28,37,46
15-10-2020 6479. 1,2,13,19,25,36
13-10-2020 6478. 3,8,16,26,32,33
10-10-2020 6477. 4,16,18,26,31,42
08-10-2020 6476. 1,16,18,21,27,42
06-10-2020 6475. 5,15,20,25,27,47
03-10-2020 6474. 15,28,35,41,44,47
01-10-2020 6473. 16,18,24,25,35,49
29-09-2020 6472. 16,20,21,30,39,40
26-09-2020 6471. 2,10,14,16,32,41
24-09-2020 6470. 12,14,21,23,28,40
22-09-2020 6469. 16,20,27,30,38,47
19-09-2020 6468. 13,21,23,26,43,47
17-09-2020 6467. 14,18,19,30,31,33
15-09-2020 6466. 8,12,21,23,40,48
12-09-2020 6465. 17,24,25,32,33,41
10-09-2020 6464. 11,14,16,23,40,46
08-09-2020 6463. 23,28,29,31,33,42
05-09-2020 6462. 5,14,21,27,31,39
03-09-2020 6461. 11,21,27,28,31,39
01-09-2020 6460. 9,18,19,39,47,49
29-08-2020 6459. 12,20,23,25,26,32
27-08-2020 6458. 3,6,23,25,35,36
25-08-2020 6457. 11,14,21,39,41,43
22-08-2020 6456. 18,22,26,30,31,43
20-08-2020 6455. 2,5,8,16,37,38
18-08-2020 6454. 3,10,16,33,38,48
15-08-2020 6453. 9,17,21,24,27,34
13-08-2020 6452. 11,12,14,26,38,48
11-08-2020 6451. 3,12,17,19,25,41
08-08-2020 6450. 2,4,22,26,31,35
06-08-2020 6449. 1,5,7,25,28,32
04-08-2020 6448. 1,7,11,17,22,38
01-08-2020 6447. 8,29,30,39,44,48
30-07-2020 6446. 3,4,8,40,43,46
28-07-2020 6445. 1,11,16,25,28,43
25-07-2020 6444. 9,12,17,24,45,48
23-07-2020 6443. 5,6,7,10,36,46
21-07-2020 6442. 8,10,23,24,25,49
18-07-2020 6441. 3,6,15,21,32,44
16-07-2020 6440. 5,9,27,33,39,44
14-07-2020 6439. 1,7,17,26,28,46
11-07-2020 6438. 6,13,31,34,36,40
09-07-2020 6437. 1,9,12,20,32,45
07-07-2020 6436. 4,12,18,22,27,28
04-07-2020 6435. 3,10,17,22,37,40
02-07-2020 6434. 1,3,4,12,19,40
30-06-2020 6433. 3,13,19,35,40,43
27-06-2020 6432. 8,30,32,37,41,43
25-06-2020 6431. 35,41,42,43,48,49
23-06-2020 6430. 1,9,25,41,42,48
20-06-2020 6429. 3,14,37,41,45,49
18-06-2020 6428. 7,9,10,15,30,46
16-06-2020 6427. 4,11,17,23,30,36
13-06-2020 6426. 4,16,25,27,31,46
11-06-2020 6425. 6,8,9,23,44,49
09-06-2020 6424. 7,15,23,38,47,49
06-06-2020 6423. 4,17,25,30,43,47
04-06-2020 6422. 2,4,17,19,31,37
02-06-2020 6421. 11,19,39,47,48,49
30-05-2020 6420. 12,15,16,38,39,43
28-05-2020 6419. 4,12,16,26,34,35
26-05-2020 6418. 9,14,20,21,24,27
23-05-2020 6417. 10,15,16,19,27,38
21-05-2020 6416. 3,4,28,37,38,43
19-05-2020 6415. 12,15,19,30,45,47
16-05-2020 6414. 1,9,17,30,31,38
14-05-2020 6413. 6,23,37,41,43,46
12-05-2020 6412. 1,18,27,34,38,46
09-05-2020 6411. 8,28,32,36,37,40
07-05-2020 6410. 1,3,7,17,29,35
05-05-2020 6409. 21,28,29,39,45,49
02-05-2020 6408. 11,16,25,38,42,44
30-04-2020 6407. 10,17,23,26,30,32
28-04-2020 6406. 9,13,23,24,38,44
25-04-2020 6405. 3,13,19,25,40,42
23-04-2020 6404. 1,3,20,39,47,49
21-04-2020 6403. 1,10,11,16,20,21
18-04-2020 6402. 1,22,32,33,38,44
16-04-2020 6401. 2,6,7,23,36,49
14-04-2020 6400. 8,9,15,21,33,43
11-04-2020 6399. 14,19,27,37,41,45
09-04-2020 6398. 3,13,14,26,37,38
07-04-2020 6397. 15,21,26,33,38,43
04-04-2020 6396. 6,8,10,30,33,48
02-04-2020 6395. 1,11,16,22,27,30
31-03-2020 6394. 6,11,17,22,42,49
28-03-2020 6393. 7,21,23,29,33,38
26-03-2020 6392. 2,5,18,19,23,45
24-03-2020 6391. 8,13,14,20,26,40
21-03-2020 6390. 6,13,15,24,28,49
19-03-2020 6389. 1,19,20,24,25,41
17-03-2020 6388. 5,10,17,19,37,47
14-03-2020 6387. 1,11,19,26,34,36
12-03-2020 6386. 1,13,22,32,42,46
10-03-2020 6385. 6,25,32,35,41,44
07-03-2020 6384. 7,27,43,46,47,49
05-03-2020 6383. 4,7,21,34,47,49
03-03-2020 6382. 13,16,17,38,45,46
29-02-2020 6381. 6,12,15,38,39,40
27-02-2020 6380. 1,18,20,24,46,47
25-02-2020 6379. 5,6,16,19,27,49
22-02-2020 6378. 4,6,15,35,43,44
20-02-2020 6377. 2,8,21,30,39,46
18-02-2020 6376. 2,10,19,22,31,38
15-02-2020 6375. 7,10,25,27,35,40
13-02-2020 6374. 2,14,16,22,26,40
11-02-2020 6373. 5,17,23,36,47,49
08-02-2020 6372. 7,16,25,29,46,48
06-02-2020 6371. 6,12,15,27,41,42
04-02-2020 6370. 6,19,20,25,41,43
01-02-2020 6369. 10,11,15,16,24,25
30-01-2020 6368. 4,14,28,40,45,49
28-01-2020 6367. 10,12,20,32,35,37
25-01-2020 6366. 9,11,16,19,30,46
23-01-2020 6365. 22,23,33,40,41,46
21-01-2020 6364. 11,16,19,22,23,39
18-01-2020 6363. 9,15,30,32,38,42
16-01-2020 6362. 1,20,29,43,44,45
14-01-2020 6361. 18,21,36,37,43,44
11-01-2020 6360. 10,33,35,38,39,48
09-01-2020 6359. 7,15,21,23,33,49
07-01-2020 6358. 10,17,19,25,37,38
04-01-2020 6357. 10,15,16,22,26,39
02-01-2020 6356. 7,12,14,15,30,38