29-12-2012 5259. 9,16,17,29,31,34
27-12-2012 5258. 3,10,26,39,43,44
25-12-2012 5257. 1,9,13,15,18,42
22-12-2012 5256. 2,14,22,43,44,48
20-12-2012 5255. 13,15,18,21,37,40
18-12-2012 5254. 4,19,21,23,32,38
15-12-2012 5253. 4,5,8,25,33,34
13-12-2012 5252. 6,8,12,17,29,32
11-12-2012 5251. 10,11,29,35,39,44
08-12-2012 5250. 10,13,16,30,35,43
06-12-2012 5249. 2,18,27,32,33,43
04-12-2012 5248. 3,4,14,26,28,32
01-12-2012 5247. 8,12,37,44,46,48
29-11-2012 5246. 4,6,10,13,18,39
27-11-2012 5245. 2,3,6,8,45,49
24-11-2012 5244. 3,10,20,34,44,47
22-11-2012 5243. 7,17,21,27,41,49
20-11-2012 5242. 1,9,23,30,35,49
17-11-2012 5241. 1,2,10,23,34,41
15-11-2012 5240. 11,31,34,36,38,47
13-11-2012 5239. 2,6,15,23,26,34
10-11-2012 5238. 3,5,25,26,31,36
08-11-2012 5237. 7,13,17,34,36,40
06-11-2012 5236. 5,37,40,41,45,47
03-11-2012 5235. 4,7,17,27,28,40
01-11-2012 5234. 7,9,26,33,34,46
30-10-2012 5233. 10,13,29,33,36,43
27-10-2012 5232. 12,20,26,35,36,41
25-10-2012 5231. 7,24,25,41,45,47
23-10-2012 5230. 3,8,20,35,37,41
20-10-2012 5229. 3,9,19,28,29,37
18-10-2012 5228. 3,10,12,25,28,38
16-10-2012 5227. 4,21,36,37,38,44
13-10-2012 5226. 11,21,22,23,36,49
11-10-2012 5225. 2,4,16,37,38,48
09-10-2012 5224. 2,11,12,23,35,37
06-10-2012 5223. 16,19,32,33,40,48
04-10-2012 5222. 3,8,18,22,27,33
02-10-2012 5221. 5,6,35,41,46,47
29-09-2012 5220. 2,10,17,23,35,42
27-09-2012 5219. 6,7,9,16,30,43
25-09-2012 5218. 4,8,15,21,31,44
22-09-2012 5217. 1,9,17,23,28,38
20-09-2012 5216. 23,24,29,32,44,48
18-09-2012 5215. 17,22,32,35,41,44
15-09-2012 5214. 8,10,21,25,35,37
13-09-2012 5213. 1,4,16,34,43,44
11-09-2012 5212. 2,16,19,20,27,41
08-09-2012 5211. 1,6,15,16,19,21
06-09-2012 5210. 11,18,23,26,34,45
04-09-2012 5209. 3,6,8,12,14,49
01-09-2012 5208. 11,15,25,26,33,48
30-08-2012 5207. 4,8,12,21,23,27
28-08-2012 5206. 2,4,10,15,26,41
25-08-2012 5205. 12,27,36,42,45,46
23-08-2012 5204. 12,20,24,33,43,49
21-08-2012 5203. 9,16,24,36,41,44
18-08-2012 5202. 12,22,23,29,40,43
16-08-2012 5201. 17,18,27,35,41,46
14-08-2012 5200. 1,16,25,28,38,42
11-08-2012 5199. 1,3,8,41,42,49
09-08-2012 5198. 1,13,17,24,31,43
07-08-2012 5197. 8,13,24,31,37,38
04-08-2012 5196. 15,26,35,38,45,46
02-08-2012 5195. 10,15,28,36,45,47
31-07-2012 5194. 8,12,13,15,36,37
28-07-2012 5193. 6,8,14,22,28,37
26-07-2012 5192. 3,5,12,20,23,37
24-07-2012 5191. 4,8,24,31,35,49
21-07-2012 5190. 17,24,31,35,44,49
19-07-2012 5189. 5,7,11,12,41,42
17-07-2012 5188. 25,26,27,45,46,48
14-07-2012 5187. 5,6,13,24,31,49
12-07-2012 5186. 11,38,42,44,45,48
10-07-2012 5185. 5,8,13,35,45,49
07-07-2012 5184. 3,4,5,16,29,34
05-07-2012 5183. 6,11,23,26,30,33
03-07-2012 5182. 13,16,17,25,30,44
30-06-2012 5181. 5,9,23,41,43,46
28-06-2012 5180. 6,12,20,22,25,49
26-06-2012 5179. 7,8,16,21,40,42
23-06-2012 5178. 4,10,19,43,46,48
21-06-2012 5177. 3,7,12,18,20,24
19-06-2012 5176. 7,9,21,32,36,41
16-06-2012 5175. 9,18,26,33,38,48
14-06-2012 5174. 2,17,18,34,38,49
12-06-2012 5173. 5,17,22,32,48,49
09-06-2012 5172. 12,20,30,32,39,42
07-06-2012 5171. 1,2,9,32,45,49
05-06-2012 5170. 2,3,32,33,35,46
02-06-2012 5169. 26,30,38,39,43,47
31-05-2012 5168. 5,29,32,33,38,41
29-05-2012 5167. 3,7,8,24,38,46
26-05-2012 5166. 7,14,20,25,39,46
24-05-2012 5165. 5,11,12,16,20,44
22-05-2012 5164. 6,9,32,34,38,44
19-05-2012 5163. 1,7,11,21,28,39
17-05-2012 5162. 6,19,23,38,48,49
15-05-2012 5161. 5,7,17,28,39,47
12-05-2012 5160. 1,5,7,18,20,41
10-05-2012 5159. 19,25,30,31,36,39
08-05-2012 5158. 19,20,31,34,35,46
05-05-2012 5157. 4,8,16,31,33,48
03-05-2012 5156. 18,19,24,25,40,42
01-05-2012 5155. 1,21,33,36,45,47
28-04-2012 5154. 2,5,8,16,31,49
26-04-2012 5153. 12,19,20,41,44,45
24-04-2012 5152. 6,8,16,19,29,31
21-04-2012 5151. 1,7,17,20,32,34
19-04-2012 5150. 13,15,29,30,35,45
17-04-2012 5149. 6,12,18,31,32,33
14-04-2012 5148. 6,15,16,23,27,44
12-04-2012 5147. 13,19,21,29,32,44
10-04-2012 5146. 3,4,18,20,39,43
07-04-2012 5145. 2,6,17,37,39,42
05-04-2012 5144. 1,11,15,28,33,47
03-04-2012 5143. 12,18,34,36,39,47
31-03-2012 5142. 31,34,36,37,38,44
29-03-2012 5141. 5,13,14,17,37,45
27-03-2012 5140. 16,20,34,35,43,49
24-03-2012 5139. 9,15,28,40,43,49
22-03-2012 5138. 13,23,25,35,42,45
20-03-2012 5137. 4,21,31,37,38,40
17-03-2012 5136. 4,9,10,39,41,42
15-03-2012 5135. 6,8,12,18,21,33
13-03-2012 5134. 3,15,17,20,23,24
10-03-2012 5133. 1,5,6,28,29,36
08-03-2012 5132. 3,7,23,28,42,45
06-03-2012 5131. 10,26,36,39,40,45
03-03-2012 5130. 4,14,18,22,32,36
01-03-2012 5129. 6,17,18,28,35,48
28-02-2012 5128. 18,19,25,35,39,40
25-02-2012 5127. 7,9,16,20,25,27
23-02-2012 5126. 8,13,22,41,42,48
21-02-2012 5125. 1,10,24,26,32,37
18-02-2012 5124. 6,16,24,27,41,42
16-02-2012 5123. 8,24,28,30,38,40
14-02-2012 5122. 18,29,35,38,44,48
11-02-2012 5121. 6,9,13,29,30,42
09-02-2012 5120. 9,12,17,23,28,49
07-02-2012 5119. 1,5,13,17,37,38
04-02-2012 5118. 7,16,38,41,46,49
02-02-2012 5117. 1,7,10,17,28,36
31-01-2012 5116. 9,13,18,29,42,44
28-01-2012 5115. 2,15,17,41,43,46
26-01-2012 5114. 3,6,15,27,37,48
24-01-2012 5113. 27,30,41,42,44,49
21-01-2012 5112. 2,4,14,23,30,34
19-01-2012 5111. 19,20,30,31,45,46
17-01-2012 5110. 13,19,20,26,31,47
14-01-2012 5109. 1,5,6,19,35,44
12-01-2012 5108. 1,6,7,9,40,45
10-01-2012 5107. 12,13,28,31,37,47
07-01-2012 5106. 10,17,34,40,44,45
05-01-2012 5105. 1,2,6,24,33,44
03-01-2012 5104. 14,24,27,36,37,45