30-12-2010 4946. 9,13,24,26,40,49
28-12-2010 4945. 7,19,29,41,42,47
25-12-2010 4944. 5,13,18,23,39,47
23-12-2010 4943. 2,12,29,34,43,48
21-12-2010 4942. 15,17,32,38,39,40
18-12-2010 4941. 10,19,21,33,39,45
16-12-2010 4940. 4,9,31,39,42,46
14-12-2010 4939. 11,15,23,31,39,41
11-12-2010 4938. 6,13,15,18,44,46
09-12-2010 4937. 4,15,16,17,30,40
07-12-2010 4936. 13,22,24,27,36,37
04-12-2010 4935. 1,8,26,29,38,43
02-12-2010 4934. 13,15,25,30,37,42
30-11-2010 4933. 1,13,18,25,26,29
27-11-2010 4932. 5,7,19,29,34,42
25-11-2010 4931. 19,22,25,28,40,46
23-11-2010 4930. 12,15,20,36,42,44
20-11-2010 4929. 1,3,10,16,33,39
18-11-2010 4928. 7,20,21,26,32,38
16-11-2010 4927. 7,25,34,39,40,41
13-11-2010 4926. 7,15,20,26,37,41
11-11-2010 4925. 5,15,16,28,30,35
09-11-2010 4924. 1,12,22,28,40,47
06-11-2010 4923. 2,19,25,27,36,39
04-11-2010 4922. 9,25,29,41,43,46
02-11-2010 4921. 10,11,13,14,38,48
30-10-2010 4920. 5,9,18,23,35,42
28-10-2010 4919. 7,18,21,24,28,41
26-10-2010 4918. 8,21,24,27,38,44
23-10-2010 4917. 8,13,14,33,34,39
21-10-2010 4916. 12,22,27,31,36,40
19-10-2010 4915. 12,21,25,33,38,48
16-10-2010 4914. 14,25,26,38,42,43
14-10-2010 4913. 2,6,10,26,28,47
12-10-2010 4912. 8,16,32,33,47,48
09-10-2010 4911. 8,18,22,23,29,35
07-10-2010 4910. 3,11,13,14,17,37
05-10-2010 4909. 7,14,16,36,38,44
02-10-2010 4908. 1,4,7,13,41,43
30-09-2010 4907. 6,9,16,17,26,48
28-09-2010 4906. 15,24,27,31,36,44
25-09-2010 4905. 24,26,28,33,35,47
23-09-2010 4904. 20,22,30,31,34,35
21-09-2010 4903. 3,14,16,30,32,39
18-09-2010 4902. 5,13,14,16,17,43
16-09-2010 4901. 11,13,16,22,38,49
14-09-2010 4900. 18,23,37,39,43,49
11-09-2010 4899. 6,8,19,28,30,42
09-09-2010 4898. 7,8,10,17,29,32
07-09-2010 4897. 13,16,18,20,31,34
04-09-2010 4896. 2,14,15,22,39,49
02-09-2010 4895. 5,7,30,33,36,47
31-08-2010 4894. 2,23,30,33,48,49
28-08-2010 4893. 2,7,16,31,32,42
26-08-2010 4892. 21,28,36,42,43,45
24-08-2010 4891. 4,9,13,31,42,45
21-08-2010 4890. 16,22,30,36,37,41
19-08-2010 4889. 15,19,28,31,32,46
17-08-2010 4888. 13,17,22,23,24,32
14-08-2010 4887. 9,23,31,32,41,48
12-08-2010 4886. 7,10,16,18,28,31
10-08-2010 4885. 3,9,10,13,27,30
07-08-2010 4884. 14,15,18,28,29,49
05-08-2010 4883. 8,16,17,24,30,44
03-08-2010 4882. 4,12,25,30,39,40
31-07-2010 4881. 11,12,13,16,20,32
29-07-2010 4880. 2,4,22,30,31,32
27-07-2010 4879. 1,6,27,34,40,46
24-07-2010 4878. 13,16,17,20,27,30
22-07-2010 4877. 9,15,21,33,40,43
20-07-2010 4876. 7,18,23,26,42,44
17-07-2010 4875. 23,32,35,37,47,48
15-07-2010 4874. 8,17,20,26,38,41
13-07-2010 4873. 10,14,25,27,42,44
10-07-2010 4872. 9,15,16,24,26,37
08-07-2010 4871. 11,18,30,32,37,44
06-07-2010 4870. 1,5,15,32,34,36
03-07-2010 4869. 6,15,23,24,26,45
01-07-2010 4868. 1,6,16,27,38,45
29-06-2010 4867. 9,20,23,29,35,41
26-06-2010 4866. 2,7,13,16,32,47
24-06-2010 4865. 19,20,27,28,29,42
22-06-2010 4864. 5,22,27,35,39,44
19-06-2010 4863. 3,13,18,25,34,42
17-06-2010 4862. 7,12,32,46,48,49
15-06-2010 4861. 14,16,29,36,38,44
12-06-2010 4860. 1,6,10,13,35,38
10-06-2010 4859. 4,9,11,14,16,29
08-06-2010 4858. 1,18,22,30,37,38
05-06-2010 4857. 4,7,11,20,39,42
03-06-2010 4856. 17,20,29,43,44,45
01-06-2010 4855. 1,14,25,28,34,41
29-05-2010 4854. 1,2,23,41,46,49
27-05-2010 4853. 1,9,21,29,33,39
25-05-2010 4852. 3,9,34,39,42,46
22-05-2010 4851. 1,5,13,20,22,39
20-05-2010 4850. 12,25,29,35,39,41
18-05-2010 4849. 6,17,27,34,42,44
15-05-2010 4848. 2,6,10,17,30,47
13-05-2010 4847. 4,11,17,29,31,41
11-05-2010 4846. 11,13,22,32,35,37
08-05-2010 4845. 1,3,4,6,11,32
06-05-2010 4844. 7,10,11,32,33,34
04-05-2010 4843. 11,15,30,31,34,48
01-05-2010 4842. 1,12,28,38,43,45
29-04-2010 4841. 4,7,19,20,34,46
27-04-2010 4840. 2,7,11,14,26,38
24-04-2010 4839. 17,34,36,37,40,43
22-04-2010 4838. 3,17,24,35,43,49
20-04-2010 4837. 21,28,31,38,43,46
17-04-2010 4836. 1,21,30,40,41,46
15-04-2010 4835. 1,2,16,18,24,47
13-04-2010 4834. 7,12,13,24,31,43
10-04-2010 4833. 11,13,14,15,22,39
08-04-2010 4832. 3,20,22,25,26,37
06-04-2010 4831. 6,9,12,23,30,44
03-04-2010 4830. 16,17,31,36,37,42
01-04-2010 4829. 11,14,17,22,40,42
30-03-2010 4828. 10,15,27,32,39,46
27-03-2010 4827. 7,12,28,35,39,43
25-03-2010 4826. 3,4,5,9,27,44
23-03-2010 4825. 4,5,34,38,39,43
20-03-2010 4824. 4,28,29,32,42,48
18-03-2010 4823. 1,4,25,26,33,40
16-03-2010 4822. 4,14,18,19,27,48
13-03-2010 4821. 12,18,20,28,34,41
11-03-2010 4820. 4,22,35,42,43,49
09-03-2010 4819. 7,12,16,18,23,42
06-03-2010 4818. 6,36,37,41,43,48
04-03-2010 4817. 5,6,20,28,32,49
02-03-2010 4816. 7,12,18,27,42,43
27-02-2010 4815. 6,15,28,31,33,45
25-02-2010 4814. 3,11,25,34,37,46
23-02-2010 4813. 5,12,28,36,48,49
20-02-2010 4812. 3,5,10,22,32,41
18-02-2010 4811. 7,13,16,18,22,48
16-02-2010 4810. 9,14,15,16,29,39
13-02-2010 4809. 10,22,24,28,43,47
11-02-2010 4808. 3,11,18,22,38,41
09-02-2010 4807. 12,13,14,19,36,38
06-02-2010 4806. 4,15,16,24,36,45
04-02-2010 4805. 4,6,12,44,46,47
02-02-2010 4804. 4,20,21,26,28,33
30-01-2010 4803. 4,8,16,33,36,38
28-01-2010 4802. 7,13,15,25,42,46
26-01-2010 4801. 6,23,25,26,33,35
23-01-2010 4800. 5,11,17,20,23,36
21-01-2010 4799. 11,17,20,30,42,47
19-01-2010 4798. 16,21,31,37,39,42
16-01-2010 4797. 5,7,18,36,46,48
14-01-2010 4796. 19,24,27,34,37,46
12-01-2010 4795. 12,14,23,41,44,45
09-01-2010 4794. 2,3,16,25,38,40
07-01-2010 4793. 5,8,12,18,39,47
05-01-2010 4792. 12,14,29,33,38,42
02-01-2010 4791. 7,15,19,24,39,47