31-12-2016 5886. 3,6,18,20,37,46
29-12-2016 5885. 6,16,27,28,31,36
27-12-2016 5884. 14,15,25,27,30,49
24-12-2016 5883. 7,8,14,19,25,28
22-12-2016 5882. 20,23,25,36,43,48
20-12-2016 5881. 11,18,25,31,37,49
17-12-2016 5880. 7,33,37,45,47,48
15-12-2016 5879. 4,6,7,24,28,31
13-12-2016 5878. 2,12,16,41,42,46
10-12-2016 5877. 3,13,18,21,23,38
08-12-2016 5876. 6,16,20,24,48,49
06-12-2016 5875. 18,42,45,46,48,49
03-12-2016 5874. 8,22,29,38,41,47
01-12-2016 5873. 16,20,29,36,42,49
29-11-2016 5872. 5,8,15,24,29,41
26-11-2016 5871. 6,13,43,44,46,49
24-11-2016 5870. 1,2,12,17,27,40
22-11-2016 5869. 2,17,20,22,46,48
19-11-2016 5868. 3,5,11,34,48,49
17-11-2016 5867. 10,17,19,34,41,46
15-11-2016 5866. 4,6,10,22,24,38
12-11-2016 5865. 10,11,24,33,35,47
10-11-2016 5864. 7,11,29,46,47,48
08-11-2016 5863. 5,8,24,31,44,45
05-11-2016 5862. 6,7,17,22,25,42
03-11-2016 5861. 7,8,17,22,26,38
01-11-2016 5860. 3,6,26,37,43,45
29-10-2016 5859. 1,28,29,37,44,49
27-10-2016 5858. 2,9,21,24,35,43
25-10-2016 5857. 9,16,21,28,32,34
22-10-2016 5856. 11,12,15,18,25,29
20-10-2016 5855. 1,11,39,41,42,46
18-10-2016 5854. 15,19,24,44,46,47
15-10-2016 5853. 9,17,21,25,29,38
13-10-2016 5852. 18,21,28,38,45,49
11-10-2016 5851. 3,7,10,12,16,43
08-10-2016 5850. 7,16,19,28,37,46
06-10-2016 5849. 7,19,21,22,25,41
04-10-2016 5848. 13,16,20,33,36,38
01-10-2016 5847. 5,30,32,33,37,46
29-09-2016 5846. 6,13,23,36,46,48
27-09-2016 5845. 1,5,21,27,42,44
24-09-2016 5844. 5,6,9,15,28,46
22-09-2016 5843. 12,36,38,41,43,45
20-09-2016 5842. 17,22,25,27,34,37
17-09-2016 5841. 5,10,16,17,44,45
15-09-2016 5840. 2,25,26,31,33,48
13-09-2016 5839. 1,3,14,20,35,43
10-09-2016 5838. 10,25,34,36,42,44
08-09-2016 5837. 6,7,11,18,28,34
06-09-2016 5836. 2,4,6,17,34,49
03-09-2016 5835. 2,20,37,44,47,49
01-09-2016 5834. 8,13,29,32,38,44
30-08-2016 5833. 3,9,19,38,42,44
27-08-2016 5832. 2,5,11,22,24,31
25-08-2016 5831. 7,8,34,35,37,48
23-08-2016 5830. 4,10,18,24,25,48
20-08-2016 5829. 6,11,16,30,32,40
18-08-2016 5828. 10,13,23,28,32,49
16-08-2016 5827. 5,7,19,41,46,49
13-08-2016 5826. 4,6,8,21,23,46
11-08-2016 5825. 7,8,20,25,39,46
09-08-2016 5824. 3,7,20,25,43,48
06-08-2016 5823. 3,8,14,26,31,43
04-08-2016 5822. 2,4,14,18,27,41
02-08-2016 5821. 7,9,14,20,46,48
30-07-2016 5820. 3,5,10,12,35,42
28-07-2016 5819. 1,7,9,22,29,41
26-07-2016 5818. 8,20,22,26,30,40
23-07-2016 5817. 11,16,20,21,37,42
21-07-2016 5816. 4,6,31,41,42,49
19-07-2016 5815. 16,23,29,32,38,41
16-07-2016 5814. 5,28,30,36,40,46
14-07-2016 5813. 11,24,29,38,40,45
12-07-2016 5812. 2,7,9,23,42,47
09-07-2016 5811. 14,16,19,34,37,43
07-07-2016 5810. 2,12,13,30,38,46
05-07-2016 5809. 10,17,27,29,35,45
02-07-2016 5808. 4,16,30,35,40,45
30-06-2016 5807. 6,13,14,17,33,46
28-06-2016 5806. 4,9,10,14,32,48
25-06-2016 5805. 22,29,30,36,42,48
23-06-2016 5804. 3,6,14,27,45,49
21-06-2016 5803. 2,11,15,16,20,45
18-06-2016 5802. 5,9,27,28,30,48
16-06-2016 5801. 13,16,20,24,26,37
14-06-2016 5800. 1,2,13,26,37,44
11-06-2016 5799. 3,4,5,7,34,41
09-06-2016 5798. 11,24,33,35,41,47
07-06-2016 5797. 1,6,40,42,43,44
04-06-2016 5796. 5,19,20,37,39,49
02-06-2016 5795. 9,19,28,29,36,49
31-05-2016 5794. 4,12,16,27,28,30
28-05-2016 5793. 9,14,16,18,28,29
26-05-2016 5792. 8,10,21,34,46,48
24-05-2016 5791. 3,13,23,26,46,47
21-05-2016 5790. 11,12,25,32,34,47
19-05-2016 5789. 4,5,8,17,25,30
17-05-2016 5788. 7,17,18,31,33,37
14-05-2016 5787. 7,8,24,37,44,45
12-05-2016 5786. 4,8,14,19,35,37
10-05-2016 5785. 3,24,28,31,34,36
07-05-2016 5784. 11,14,20,27,30,35
05-05-2016 5783. 1,18,27,37,44,47
03-05-2016 5782. 2,15,31,38,40,48
30-04-2016 5781. 23,26,39,40,44,49
28-04-2016 5780. 7,14,16,19,38,43
26-04-2016 5779. 14,17,20,39,45,48
23-04-2016 5778. 3,21,31,39,41,43
21-04-2016 5777. 5,11,32,34,41,44
19-04-2016 5776. 3,21,27,28,39,40
16-04-2016 5775. 7,9,12,18,26,48
14-04-2016 5774. 8,10,15,40,41,43
12-04-2016 5773. 13,19,32,37,40,41
09-04-2016 5772. 20,25,32,36,43,47
07-04-2016 5771. 21,23,29,33,34,35
05-04-2016 5770. 13,23,24,29,32,38
02-04-2016 5769. 7,8,10,28,37,47
31-03-2016 5768. 8,12,19,22,32,49
29-03-2016 5767. 7,8,9,43,46,47
26-03-2016 5766. 7,11,19,25,33,41
24-03-2016 5765. 13,14,15,23,35,44
22-03-2016 5764. 5,7,20,21,27,41
19-03-2016 5763. 2,11,18,26,36,41
17-03-2016 5762. 3,7,8,10,31,46
15-03-2016 5761. 2,9,17,20,25,32
12-03-2016 5760. 2,4,7,17,41,48
10-03-2016 5759. 3,14,23,35,40,49
08-03-2016 5758. 5,12,15,38,41,48
05-03-2016 5757. 32,38,39,40,45,48
03-03-2016 5756. 3,13,16,18,22,31
01-03-2016 5755. 3,7,30,31,44,48
27-02-2016 5754. 4,6,20,24,37,38
25-02-2016 5753. 2,5,30,33,36,48
23-02-2016 5752. 1,4,24,26,27,30
20-02-2016 5751. 3,20,40,41,42,43
18-02-2016 5750. 5,9,13,25,30,47
16-02-2016 5749. 5,9,19,20,22,44
13-02-2016 5748. 9,21,23,32,38,47
11-02-2016 5747. 6,9,10,16,34,44
09-02-2016 5746. 24,25,29,35,45,47
06-02-2016 5745. 5,8,11,23,44,48
04-02-2016 5744. 4,7,16,22,42,46
02-02-2016 5743. 7,18,23,33,35,36
30-01-2016 5742. 16,21,25,44,45,47
28-01-2016 5741. 8,13,15,22,32,42
26-01-2016 5740. 9,13,22,32,45,48
23-01-2016 5739. 6,16,24,34,36,39
21-01-2016 5738. 2,6,27,28,35,46
19-01-2016 5737. 2,16,19,22,30,39
16-01-2016 5736. 2,4,18,35,40,41
14-01-2016 5735. 3,4,8,26,33,38
12-01-2016 5734. 4,7,10,19,42,45
09-01-2016 5733. 1,2,5,7,21,27
07-01-2016 5732. 17,24,26,27,33,42
05-01-2016 5731. 2,18,19,42,47,48
02-01-2016 5730. 2,12,21,35,36,39