31-12-2013 5416. 1,4,28,34,44,46
28-12-2013 5415. 1,6,17,19,27,47
26-12-2013 5414. 7,10,14,24,30,43
24-12-2013 5413. 2,4,9,24,41,43
21-12-2013 5412. 18,27,28,38,43,44
19-12-2013 5411. 12,19,20,22,23,24
17-12-2013 5410. 5,15,16,27,45,48
14-12-2013 5409. 12,15,20,33,35,38
12-12-2013 5408. 1,11,14,24,33,39
10-12-2013 5407. 7,25,31,32,35,45
07-12-2013 5406. 8,23,32,41,44,49
05-12-2013 5405. 10,11,36,41,45,48
03-12-2013 5404. 13,14,17,31,37,42
30-11-2013 5403. 6,18,19,25,30,41
28-11-2013 5402. 4,10,18,25,33,47
26-11-2013 5401. 8,20,27,32,36,44
23-11-2013 5400. 1,12,27,34,36,44
21-11-2013 5399. 7,8,10,45,46,48
19-11-2013 5398. 7,10,11,12,19,27
16-11-2013 5397. 4,12,15,20,32,44
14-11-2013 5396. 22,23,34,35,39,49
12-11-2013 5395. 11,12,16,23,38,46
09-11-2013 5394. 8,16,23,24,29,48
07-11-2013 5393. 3,24,38,41,42,49
05-11-2013 5392. 18,29,38,39,43,48
02-11-2013 5391. 9,19,31,37,44,45
31-10-2013 5390. 2,4,18,20,22,29
29-10-2013 5389. 1,12,27,33,40,44
26-10-2013 5388. 12,13,16,28,40,47
24-10-2013 5387. 10,21,30,41,43,44
22-10-2013 5386. 13,15,17,23,33,42
19-10-2013 5385. 4,10,25,31,37,44
17-10-2013 5384. 5,7,22,35,37,48
15-10-2013 5383. 4,6,8,14,27,42
12-10-2013 5382. 3,15,18,28,34,45
10-10-2013 5381. 1,5,27,31,36,48
08-10-2013 5380. 1,12,32,34,37,46
05-10-2013 5379. 1,5,17,18,27,40
03-10-2013 5378. 5,9,15,20,41,45
01-10-2013 5377. 4,10,11,21,28,39
28-09-2013 5376. 4,13,14,28,31,34
26-09-2013 5375. 2,23,26,29,38,48
24-09-2013 5374. 1,7,23,32,36,46
21-09-2013 5373. 4,16,17,22,33,34
19-09-2013 5372. 5,16,17,23,24,33
17-09-2013 5371. 2,8,15,25,26,46
14-09-2013 5370. 2,6,19,35,41,45
12-09-2013 5369. 17,30,33,44,48,49
10-09-2013 5368. 3,8,15,18,24,41
07-09-2013 5367. 8,28,30,32,34,37
05-09-2013 5366. 4,11,16,34,44,47
03-09-2013 5365. 9,16,22,25,32,43
31-08-2013 5364. 2,3,11,14,16,27
29-08-2013 5363. 7,10,12,18,27,49
27-08-2013 5362. 2,30,39,45,46,47
24-08-2013 5361. 1,2,4,6,20,47
22-08-2013 5360. 2,3,17,26,30,42
20-08-2013 5359. 4,18,26,31,33,42
17-08-2013 5358. 5,9,18,23,43,45
15-08-2013 5357. 3,7,13,29,34,46
13-08-2013 5356. 1,13,22,26,32,44
10-08-2013 5355. 6,14,16,18,25,43
08-08-2013 5354. 2,15,19,30,37,48
06-08-2013 5353. 2,9,19,33,43,49
03-08-2013 5352. 11,21,25,26,42,46
01-08-2013 5351. 12,23,24,29,42,49
30-07-2013 5350. 8,18,25,28,29,32
27-07-2013 5349. 1,4,20,36,37,44
25-07-2013 5348. 14,16,31,39,42,46
23-07-2013 5347. 8,23,24,25,29,35
20-07-2013 5346. 1,4,35,40,41,44
18-07-2013 5345. 2,9,12,26,29,33
16-07-2013 5344. 13,17,19,22,28,46
13-07-2013 5343. 12,14,16,29,34,37
11-07-2013 5342. 2,17,24,31,34,39
09-07-2013 5341. 2,3,21,22,24,45
06-07-2013 5340. 6,14,29,31,41,47
04-07-2013 5339. 2,3,7,11,19,23
02-07-2013 5338. 2,13,29,31,38,47
29-06-2013 5337. 3,13,25,26,31,34
27-06-2013 5336. 1,4,5,29,36,38
25-06-2013 5335. 1,27,31,32,39,41
22-06-2013 5334. 20,24,28,31,35,39
20-06-2013 5333. 3,10,32,35,37,44
18-06-2013 5332. 9,12,24,28,36,42
15-06-2013 5331. 6,10,12,22,30,37
13-06-2013 5330. 3,5,18,20,22,31
11-06-2013 5329. 2,4,6,8,22,27
08-06-2013 5328. 4,13,15,18,20,33
06-06-2013 5327. 3,30,33,36,37,48
04-06-2013 5326. 8,10,14,17,23,42
01-06-2013 5325. 10,12,13,23,26,38
30-05-2013 5324. 16,18,21,31,33,44
28-05-2013 5323. 15,17,20,30,40,47
25-05-2013 5322. 5,11,16,17,35,44
23-05-2013 5321. 2,5,13,30,40,45
21-05-2013 5320. 3,9,18,33,36,46
18-05-2013 5319. 17,28,37,42,45,48
16-05-2013 5318. 1,15,17,31,41,42
14-05-2013 5317. 6,14,17,21,26,37
11-05-2013 5316. 13,14,27,30,31,35
09-05-2013 5315. 2,6,26,31,42,47
07-05-2013 5314. 10,13,20,27,32,38
04-05-2013 5313. 9,15,18,39,40,49
02-05-2013 5312. 5,11,20,36,47,49
30-04-2013 5311. 9,14,22,24,33,45
27-04-2013 5310. 2,8,17,36,48,49
25-04-2013 5309. 4,33,41,44,46,49
23-04-2013 5308. 3,6,10,17,37,42
20-04-2013 5307. 5,8,17,20,22,45
18-04-2013 5306. 5,16,18,31,38,40
16-04-2013 5305. 1,16,18,27,30,35
13-04-2013 5304. 18,21,35,36,37,45
11-04-2013 5303. 3,18,34,35,41,47
09-04-2013 5302. 4,7,14,26,28,42
06-04-2013 5301. 6,10,28,30,38,44
04-04-2013 5300. 2,14,20,29,31,49
02-04-2013 5299. 13,16,32,34,37,40
30-03-2013 5298. 2,10,17,18,23,46
28-03-2013 5297. 11,19,28,29,38,40
26-03-2013 5296. 3,7,11,17,31,41
23-03-2013 5295. 10,11,17,19,26,44
21-03-2013 5294. 28,30,32,37,38,39
19-03-2013 5293. 1,8,16,24,41,49
16-03-2013 5292. 12,13,14,23,24,31
14-03-2013 5291. 19,22,24,28,32,36
12-03-2013 5290. 2,11,21,24,38,45
09-03-2013 5289. 11,20,22,34,43,49
07-03-2013 5288. 5,15,17,24,26,43
05-03-2013 5287. 1,6,20,26,32,34
02-03-2013 5286. 6,20,33,34,39,45
28-02-2013 5285. 14,18,19,22,32,43
26-02-2013 5284. 3,9,23,37,40,45
23-02-2013 5283. 6,10,12,22,30,45
21-02-2013 5282. 5,7,36,37,40,42
19-02-2013 5281. 10,14,19,21,25,30
16-02-2013 5280. 10,15,20,27,36,48
14-02-2013 5279. 8,24,29,35,38,48
12-02-2013 5278. 1,13,25,28,31,44
09-02-2013 5277. 2,13,16,31,32,40
07-02-2013 5276. 6,9,11,15,42,49
05-02-2013 5275. 7,18,19,22,25,36
02-02-2013 5274. 1,15,19,35,38,46
31-01-2013 5273. 11,12,19,22,33,47
29-01-2013 5272. 3,13,27,33,40,41
26-01-2013 5271. 1,4,15,28,29,45
24-01-2013 5270. 25,28,32,33,35,36
22-01-2013 5269. 1,24,37,39,40,49
19-01-2013 5268. 10,11,24,26,32,44
17-01-2013 5267. 9,31,38,40,46,48
15-01-2013 5266. 13,15,26,39,41,44
12-01-2013 5265. 10,11,37,38,45,47
10-01-2013 5264. 5,21,27,29,30,49
08-01-2013 5263. 4,6,14,16,23,36
05-01-2013 5262. 1,14,17,18,27,36
03-01-2013 5261. 1,3,21,24,27,30
01-01-2013 5260. 11,21,23,27,30,31